/musica/fernando-e-sorocaba/madri.html	1311	1109	163.05152671755727	0.6367476240760296	0.6003051106025934	0.0
/musica/paula-fernandes/passaro-de-fogo.html	1294	1072	196.14487632508835	0.6240601503759399	0.5625965996908809	0.0
/letra/a.html	795	629	100.26450511945393	0.304	0.2628930817610063	0.0
/artista/jorge-e-mateus.html	650	347	70.45504587155963	0.19166666666666668	0.16153846153846155	0.0
/letra/m.html	628	483	113.9878640776699	0.3944954128440367	0.34394904458598724	0.0
/letra/b.html	627	504	126.73846153846154	0.2743362831858407	0.2743221690590112	0.0
/letra/c.html	613	476	95.17099567099567	0.22564102564102564	0.2463295269168026	0.0
/artista/roberto-carlos.html	611	222	63.70849420849421	0.25161290322580643	0.15220949263502456	0.0
/letra/j.html	567	441	85.18651685393259	0.12209302325581395	0.21516754850088182	0.0
/letra/r.html	557	430	95.02908277404921	0.1921182266009852	0.19748653500897667	0.0
/letra/s.html	537	381	95.9929411764706	0.24404761904761904	0.2085661080074488	0.0
/musica/ke$ha/your-love-is-my-drug.html	514	446	125.47685185185185	0.6467236467236467	0.5797665369649806	0.0
/letra/l.html	448	358	108.53067484662577	0.23076923076923078	0.27232142857142855	0.0
/letra/e.html	432	342	77.77903682719547	0.1937984496124031	0.18287037037037038	0.0
/artista/katy-perry.html	414	297	79.47670250896057	0.3575757575757576	0.32608695652173914	0.0
/artista/fernando-e-sorocaba.html	410	245	44.64756446991404	0.13513513513513514	0.14878048780487804	0.0
/musica/edward-maya/stereo-love-feat-maya.html	403	353	156.15882352941176	0.6329113924050633	0.5781637717121588	0.0
/artista/beyonce.html	369	162	57.275757575757574	0.13414634146341464	0.10569105691056911	0.0
/letra/p.html	363	292	86.04498269896193	0.1746031746031746	0.20385674931129477	0.0
/letra/t.html	350	275	102.35338345864662	0.2595419847328244	0.24	0.0
/artista/paula-fernandes.html	343	178	50.04276315789474	0.4	0.11370262390670553	0.0
/letra/f.html	331	258	90.0	0.2	0.20241691842900303	0.0
/artista/luan-santana.html	302	135	63.35036496350365	0.12903225806451613	0.09271523178807947	0.0
/musica/luan-santana/meteoro.html	292	255	225.71428571428572	0.6428571428571429	0.5684931506849316	0.0
/letra/d.html	290	229	105.72685185185185	0.2727272727272727	0.25517241379310346	0.0
/letra/g.html	272	227	111.5	0.12048192771084337	0.23529411764705882	0.0
/artista/black-eyed-peas.html	259	180	67.77835051546391	0.30120481927710846	0.25096525096525096	0.0
/artista/lady-gaga.html	258	147	36.32432432432432	0.1896551724137931	0.13953488372093023	0.0
/artista/bruno-e-marrone.html	240	153	58.42079207920792	0.3	0.15833333333333333	0.0
/musica/paula-fernandes/chuva-chover.html	234	203	192.83636363636364	0.6206896551724138	0.5299145299145299	0.0
/musica/paula-fernandes/meu-eu-em-voce.html	230	189	256.34328358208955	0.5694444444444444	0.41739130434782606	0.0
/artista/justin-bieber.html	223	98	45.41836734693877	0.09090909090909091	0.1210762331838565	0.0
/musica/justin-bieber/baby.html	220	180	171.39285714285714	0.6788990825688074	0.4909090909090909	0.0
/artista/ana-carolina.html	202	85	67.4207650273224	0.2857142857142857	0.09405940594059406	0.0
/letra/n.html	200	148	90.77575757575758	0.15	0.175	0.0
/artista/victor-leo.html	198	113	50.58857142857143	0.125	0.11616161616161616	0.0
/artista/eduardo-costa.html	189	93	47.75581395348837	0.2857142857142857	0.08994708994708994	0.0
/artista/amy-winehouse.html	187	99	24.86904761904762	0.0	0.10160427807486631	0.0
/musica/lady-gaga/alejandro.html	184	153	218.27551020408163	0.627906976744186	0.4673913043478261	0.0
/musica/paula-fernandes/quero-sim.html	182	164	268.86021505376345	0.7317073170731707	0.489010989010989	0.0
/musica/pitty/so-agora.html	181	164	367.8070175438597	0.7226277372262774	0.6850828729281768	0.0
/letra/k.html	179	154	72.69343065693431	0.24193548387096775	0.2346368715083799	0.0
/musica/ke$ha/tik-tok.html	167	149	198.7910447761194	0.6446280991735537	0.5988023952095808	0.0
/musica/victor-leo/borboletas.html	165	139	207.53246753246754	0.6705882352941176	0.5333333333333333	0.0
/letra/h.html	164	121	79.3359375	0.30952380952380953	0.21951219512195122	0.0
/musica/roberto-carlos/a-mulher-que-eu-amo.html	163	140	177.4078947368421	0.59375	0.5337423312883436	0.0
/musica/bruno-e-marrone/pra-nao-morrer-de-amor.html	159	143	147.3125	0.6415094339622641	0.5974842767295597	0.0
/musica/amy-winehouse/rehab.html	152	136	167.7605633802817	0.5647058823529412	0.5328947368421053	0.0
/musica/guilherme-e-santiago/e-dai.html	149	128	177.125	0.75	0.5704697986577181	0.0
/artista/edward-maya.html	148	92	36.22834645669291	0.15625	0.14189189189189189	0.0
/musica/joao-bosco-e-vinicius/chorame-liga.html	148	124	166.68571428571428	0.573170731707317	0.527027027027027	0.0
/artista/aerosmith.html	144	32	238.6153846153846	0.15	0.09722222222222222	0.0
/musica/eduardo-costa/a-carta.html	143	123	152.27941176470588	0.696969696969697	0.5244755244755245	0.0
/artista/zeze-di-camargo-e-luciano.html	142	81	55.42741935483871	0.4	0.1267605633802817	0.0
/letra/v.html	141	104	91.02521008403362	0.15384615384615385	0.15602836879432624	0.0
/musica/victor-leo/ao-vivo-e-em-cores.html	140	117	156.06944444444446	0.575	0.4857142857142857	0.0
/artista/sorriso-maroto.html	139	70	53.425	0.4	0.1366906474820144	0.0
/musica/paula-fernandes/sem-voce.html	137	121	153.96875	0.4634146341463415	0.29927007299270075	0.0
/artista/exaltasamba.html	128	53	55.93577981651376	0.0	0.1484375	0.0
/musica/lady-gaga/bad-romance.html	125	108	264.05	0.7068965517241379	0.52	0.0
/artista/frank-sinatra.html	124	80	90.25	0.37142857142857144	0.3548387096774194	0.0
/letra/z.html	124	97	51.26923076923077	0.13157894736842105	0.16129032258064516	0.0
/letra/i.html	118	102	53.21649484536083	0.21951219512195122	0.17796610169491525	0.0
/top/musicas.html	116	70	57.68888888888889	0.46153846153846156	0.22413793103448276	0.0
/musica/beyonce-featuring-jay-z/halo.html	113	97	308.4909090909091	0.6666666666666666	0.5132743362831859	0.0
/artista/rihanna.html	110	53	74.81818181818181	0.6666666666666666	0.2	0.0
/musica/restart/levo-comigo.html	110	99	192.05882352941177	0.6551724137931034	0.5363636363636364	0.0
/musica/shakira/gipsy.html	107	94	129.17460317460316	0.46808510638297873	0.411214953271028	0.0
/artista/the-beatles.html	106	37	45.82795698924731	0.15789473684210525	0.12264150943396226	0.0
/musica/paula-fernandes/complicado-demais.html	106	94	192.42857142857142	0.6938775510204082	0.4716981132075472	0.0
/letra/o.html	105	84	91.68131868131869	0.07142857142857142	0.13333333333333333	0.0
/musica/victor-leo/estrela-cadente.html	105	90	156.91525423728814	0.5	0.4380952380952381	0.0
/artista/u2.html	104	33	49.386138613861384	0.0	0.028846153846153848	0.0
/artista/michel-telo.html	102	62	64.27058823529411	0.26666666666666666	0.16666666666666666	0.0
/artista/natiruts.html	98	47	23.77027027027027	0.4358974358974359	0.24489795918367346	0.0
/musica/aline-barros/sonda-me-usa-me.html	98	84	334.48936170212767	0.660377358490566	0.5204081632653061	0.0
/musica/exaltasamba/gamei.html	96	83	139.48275862068965	0.7534246575342466	0.6979166666666666	0.0
/musica/fernando-e-sorocaba/bala-de-prata.html	95	85	154.13333333333333	0.7714285714285715	0.6842105263157895	0.0
/musica/caetano-veloso/sampa.html	94	74	155.16326530612244	0.5192307692307693	0.4787234042553192	0.0
/artista/pink-floyd.html	92	24	52.53932584269663	0.0	0.03260869565217391	0.0
/artista/pitty.html	92	34	38.607142857142854	0.3333333333333333	0.08695652173913043	0.0
/artista/rosa-de-saron.html	91	14	42.06896551724138	0.0	0.04395604395604396	0.0
/musica/luan-santana/sempre-com-voce.html	90	80	153.9777777777778	0.5517241379310345	0.5	0.0
/musica/charlie-brown-jr/so-os-loucos-sabem.html	89	79	306.9310344827586	0.6530612244897959	0.6741573033707865	0.0
/musica/miley-cyrus/one-in-a-million.html	88	75	153.90740740740742	0.4186046511627907	0.38636363636363635	0.0
/artista/evanescence.html	86	21	33.247058823529414	0.0	0.011627906976744186	0.0
/musica/sorriso-maroto/futuro-prometido.html	86	73	154.8918918918919	0.6440677966101694	0.5697674418604651	0.0
/artista/shakira.html	85	54	68.38095238095238	0.5714285714285714	0.25882352941176473	0.0
/musica/paula-fernandes/sede-de-amor.html	83	73	198.6315789473684	0.4230769230769231	0.3132530120481928	0.0
/musica/fernando-e-sorocaba/paga-pau.html	82	69	172.52631578947367	0.6842105263157895	0.5365853658536586	0.0
/musica/eduardo-costa/quem-foi-que-disse.html	81	70	73.34615384615384	0.7540983606557377	0.6790123456790124	0.0
/artista/creed.html	80	7	12.205128205128204	0.0	0.025	0.0
/letra/w.html	80	59	94.4090909090909	0.07692307692307693	0.175	0.0
/musica/sorriso-maroto/sinais.html	79	70	218.6153846153846	0.5918367346938775	0.5063291139240507	0.0
/musica/isa-tkm/sigo-al-corazon.html	78	63	326.5	0.6111111111111112	0.5641025641025641	0.0
/musica/rihanna/rude-boy.html	78	72	233.7	0.8	0.7435897435897436	0.0
/musica/victor-leo/deus-e-eu-no-sertao.html	76	58	205.74418604651163	0.6896551724137931	0.4342105263157895	0.0
/musica/paula-fernandes/jeito-de-mato.html	75	66	359.74285714285713	0.6111111111111112	0.5333333333333333	0.0
/musica/train/hey-soul-sister.html	75	70	247.60714285714286	0.813953488372093	0.6266666666666667	0.0
/musica/janaynna-targino/sacanagem-tua.html	74	68	171.8695652173913	0.5106382978723404	0.3783783783783784	0.0
/musica/jorge-e-mateus/voa-beija-flor.html	74	60	136.94117647058823	0.6511627906976745	0.5405405405405406	0.0
/top/artistas.html	74	43	61.6865671641791	0.3333333333333333	0.0945945945945946	0.0
/letra/u.html	73	60	31.8	0.15384615384615385	0.1095890410958904	0.0
/musica/imperio-das-cocotas/perfil-das-recalcadas.html	73	66	232.375	0.8939393939393939	0.8904109589041096	0.0
/musica/lazaro/meu-mestre.html	73	63	233.4090909090909	0.7735849056603774	0.6986301369863014	0.0
/musica/regis-danese/faz-um-milagre-em-mim.html	73	65	230.31034482758622	0.7058823529411765	0.6027397260273972	0.0
/musica/amy-winehouse/back-to-black.html	72	65	219.3695652173913	0.5357142857142857	0.3611111111111111	0.0
/musica/ana-carolina/entreolhares.html	72	65	259.9166666666667	0.7142857142857143	0.5	0.0
/musica/bruna-karla/que-bom-que-voce-chegou.html	72	45	168.0731707317073	0.5384615384615384	0.4305555555555556	0.0
/musica/beyonce/ego.html	71	65	279.53846153846155	0.6052631578947368	0.4507042253521127	0.0
/musica/luan-santana/to-de-cara.html	71	62	129.80645161290323	0.75	0.5633802816901409	0.0
/musica/nxzero/so-rezo.html	71	66	302.48275862068965	0.6875	0.5915492957746479	0.0
/musica/abba/dancing-queen.html	70	49	239.27272727272728	0.6	0.37142857142857144	0.0
/musica/hugo-pena-e-gabriel/to-nem-ai.html	70	60	155.05	0.625	0.42857142857142855	0.0
/musica/rihanna/te-amo.html	70	56	179.3125	0.85	0.5428571428571428	0.0
/artista/michael-jackson.html	69	28	59.05	0.5714285714285714	0.13043478260869565	0.0
/artista/racionais-mcs.html	69	28	27.26153846153846	0.0	0.057971014492753624	0.0
/musica/rita-lee/tititi.html	69	61	182.83333333333334	0.6727272727272727	0.6521739130434783	0.0
/musica/ze-henrique-e-gabriel/o-que-combina-comigo-e-voce.html	69	58	155.9047619047619	0.56	0.391304347826087	0.0
/musica/grupo-revelacao/ta-escrito.html	68	54	218.21212121212122	0.65	0.5147058823529411	0.0
/artista/exaltasamba-musicas.html	67	31	32.018181818181816	0.0	0.1791044776119403	0.0
/musica/exaltasamba/valeu.html	67	58	261.1111111111111	0.5238095238095238	0.4626865671641791	0.0
/musica/luan-santana/sinais.html	67	58	170.4390243902439	0.5185185185185185	0.3880597014925373	0.0
/artista/bee-gees.html	66	15	23.65573770491803	1.0	0.07575757575757576	0.0
/artista/abba.html	65	14	26.904761904761905	0.0	0.03076923076923077	0.0
/artista/belo.html	65	20	55.08474576271186	0.0	0.09230769230769231	0.0
/artista/restart.html	65	41	76.3103448275862	0.125	0.1076923076923077	0.0
/artista/queen.html	64	18	54.032786885245905	0.0	0.046875	0.0
/artista/rose-nascimento.html	64	3	10.746031746031745	0.0	0.015625	0.0
/musica/eduardo-costa/nao-valeu-pra-voce.html	64	54	191.33333333333334	0.6190476190476191	0.53125	0.0
/busca?q=ana+carolina	62	26	86.50943396226415	0.13333333333333333	0.14516129032258066	0.0
/musica/demonios-da-garoa/trem-das-onze.html	62	50	132.3793103448276	0.6190476190476191	0.532258064516129	0.0
/musica/nando-reis/pra-voce-guardei-o-amor.html	62	57	422.07142857142856	0.6176470588235294	0.5483870967741935	0.0
/musica/padre-marcelo-rossi/noites-traicoeiras.html	62	48	232.41935483870967	0.7037037037037037	0.5	0.0
/artista/chimarruts.html	61	13	26.732142857142858	0.0	0.08196721311475409	0.0
/musica/cleiton-e-huggo/me-de-um-sinal.html	61	60	148.125	0.7586206896551724	0.47540983606557374	0.0
/musica/paula-fernandes/pra-que-inventaram-o-amor.html	61	52	221.66666666666666	0.5555555555555556	0.4098360655737705	0.0
/artista/demi-lovato.html	60	5	43.813559322033896	0.0	0.016666666666666666	0.0
/musica/luan-santana/jogo-do-amor.html	60	52	181.78787878787878	0.7333333333333333	0.45	0.0
/musica/paula-fernandes/cheiro-de-relva.html	60	53	202.17241379310346	0.55	0.5166666666666667	0.0
/musica/victor-leo/tem-que-ser-voce.html	60	51	117.91666666666667	0.47619047619047616	0.4	0.0
/artista/cassiane.html	59	10	94.0754716981132	0.0	0.1016949152542373	0.0
/artista/whitney-houston.html	59	32	85.78846153846153	1.0	0.11864406779661017	0.0
/musica/claudia-leitte/as-mascaras.html	59	56	173.47368421052633	0.6904761904761905	0.6779661016949152	0.0
/musica/exaltasamba/fui.html	59	58	232.4	0.8125	0.576271186440678	0.0
/musica/black-eyed-peas/i-gotta-feeling.html	58	49	323.2068965517241	0.72	0.5	0.0
/musica/demonios-da-garoa/samba-do-arnesto.html	58	38	90.9090909090909	0.6818181818181818	0.43103448275862066	0.0
/musica/luan-santana/chocolate.html	58	51	202.58823529411765	0.5652173913043478	0.41379310344827586	0.0
/artista/nando-reis.html	57	15	19.875	0.0	0.017543859649122806	0.0
/musica/bruno-e-marrone/pode-ir-embora.html	57	50	243.3793103448276	0.7692307692307693	0.49122807017543857	0.0
/musica/edson-e-hudson/meu-anjo.html	57	46	270.7931034482759	0.6363636363636364	0.49122807017543857	0.0
/musica/eduardo-costa/feito-tatuagem.html	57	47	195.14285714285714	0.7741935483870968	0.631578947368421	0.0
/musica/mariah-carey/i-want-to-know-what-love-is.html	57	47	366.2857142857143	0.39285714285714285	0.38596491228070173	0.0
/musica/vanessa-da-mata/amado.html	57	47	305.22222222222223	0.48	0.3684210526315789	0.0
/musica/victor-leo/nada-normal.html	57	49	236.875	0.38095238095238093	0.2982456140350877	0.0
/musica/fernando-e-sorocaba/da-cor-do-pecado.html	56	48	221.31034482758622	0.6296296296296297	0.48214285714285715	0.0
/musica/jorge-e-mateus/espelho.html	56	51	185.67741935483872	0.5652173913043478	0.44642857142857145	0.0
/musica/jorge-e-mateus/vou-fazer-pirraca.html	56	52	138.07142857142858	0.6451612903225806	0.5	0.0
/musica/pitty/me-adora.html	56	48	212.625	0.7777777777777778	0.5714285714285714	0.0
/artista/ivete-sangalo.html	55	35	42.391304347826086	0.0	0.16363636363636364	0.0
/musica/amy-winehouse/you-know-im-no-good.html	55	47	211.15625	0.5555555555555556	0.41818181818181815	0.0
/musica/paula-fernandes/vai.html	55	52	89.35714285714286	0.6666666666666666	0.4909090909090909	0.0
/musica/whitney-houston/i-will-always-love-you.html	55	49	283.5	0.68	0.6363636363636364	0.0
/artista/ke$ha.html	54	37	40.83720930232558	0.0	0.2037037037037037	0.0
/busca?q=exaltasamba	54	38	112.74358974358974	0.2857142857142857	0.2777777777777778	0.0
/musica/maria-bethania/ronda.html	53	46	105.76666666666667	0.6666666666666666	0.4339622641509434	0.0
/artista/nenhum-de-nos.html	52	9	22.03921568627451	0.0	0.019230769230769232	0.0
/musica/luan-santana/aqui-e-o-seu-lugar.html	52	45	173.14285714285714	0.6666666666666666	0.46153846153846156	0.0
/musica/thales-e-thiago/ja-tem-outra-em-seu-lugar.html	52	49	155.3	0.65	0.4230769230769231	0.0
/musica/victor-leo/voce-sabia.html	52	43	174.2173913043478	0.6071428571428571	0.5576923076923077	0.0
/musica/ira/envelheco-na-cidade.html	51	45	131.20833333333334	0.5151515151515151	0.5294117647058824	0.0
/musica/jorge-e-mateus/de-tanto-te-querer.html	51	44	169.48648648648648	0.45	0.27450980392156865	0.0
/musica/marcos-e-belutti/perdoa-amor.html	51	47	158.57142857142858	0.6428571428571429	0.45098039215686275	0.0
/musica/black-eyed-peas/meet-me-halfway.html	50	47	260.2	0.7631578947368421	0.7	0.0
/musica/bruno-e-marrone/sonho-louco.html	50	43	299.7692307692308	0.5161290322580645	0.48	0.0
/musica/jorge-e-mateus/misterios.html	50	32	79.60606060606061	0.42857142857142855	0.34	0.0
/musica/victor-leo/nao-mais.html	50	41	228.55	0.7777777777777778	0.6	0.0
/artista/aline-barros.html	49	26	51.52173913043478	0.5	0.061224489795918366	0.0
/artista/charlie-brown-jr.html	49	22	71.74418604651163	0.0	0.12244897959183673	0.0
/artista/jota-quest.html	49	21	42.148936170212764	0.0	0.04081632653061224	0.0
/artista/raca-negra.html	49	14	37.297872340425535	0.0	0.04081632653061224	0.0
/busca?q=shakira	49	35	43.55	0.17391304347826086	0.1836734693877551	0.0
/musica/beyonce-featuring-jay-z/if-i-were-a-boy.html	49	46	287.53125	0.32	0.3469387755102041	0.0
/musica/fernando-e-sorocaba/ah-como-eu-amo-voce.html	49	38	146.2258064516129	0.6521739130434783	0.3673469387755102	0.0
/musica/luan-santana/voce-do-meu-lado.html	49	40	196.84848484848484	0.5454545454545454	0.32653061224489793	0.0
/musica/raul-seixas/gita.html	49	26	166.0	0.38095238095238093	0.40816326530612246	0.0
/musica/victor-leo/fada.html	49	45	177.35	0.7037037037037037	0.5918367346938775	0.0
/artista/djavan.html	48	24	53.76086956521739	0.0	0.041666666666666664	0.0
/musica/aline-barros-e-cia/pula-pula.html	48	42	148.26666666666668	0.7142857142857143	0.6875	0.0
/musica/rihanna/russian-roulette.html	48	47	301.0	0.6774193548387096	0.6458333333333334	0.0
/artista/raul-seixas.html	47	16	67.25531914893617	0.0	0.0	0.0
/musica/bruno-e-marrone/sou-eu.html	47	36	127.03571428571429	0.6363636363636364	0.40425531914893614	0.0
/musica/lady-gaga/paparazzi.html	47	39	270.3333333333333	0.6086956521739131	0.48936170212765956	0.0
/musica/parangole/rebolation.html	47	40	164.93333333333334	0.8125	0.6808510638297872	0.0
/musica/zeze-di-camargo-e-luciano/eu-e-meu-pai.html	47	43	242.85714285714286	0.7631578947368421	0.7021276595744681	0.0
/artista/pearl-jam.html	46	21	64.42857142857143	0.0	0.08695652173913043	0.0
/musica/ana-carolina/velas-e-vento.html	46	39	198.19230769230768	0.5185185185185185	0.43478260869565216	0.0
/musica/beyonce/sweet-dreams.html	46	46	337.52941176470586	0.7777777777777778	0.6304347826086957	0.0
/musica/jorge-e-mateus/um-dia-te-levo-comigo.html	46	35	176.85185185185185	0.625	0.41304347826086957	0.0
/musica/lady-gaga/telephone-feat-beyonce.html	46	43	233.3913043478261	0.6538461538461539	0.5	0.0
/musica/leo-magalhaes/porto-seguro.html	46	42	150.21428571428572	0.6190476190476191	0.391304347826087	0.0
/musica/waldick-soriano/eu-nao-sou-cachorro-nao.html	46	37	174.1875	0.6176470588235294	0.6521739130434783	0.0
/artista/elvis-presley.html	45	15	55.5	0.0	0.022222222222222223	0.0
/busca?q=	45	41	37.6875	0.37037037037037035	0.28888888888888886	0.0
/busca?q=jorge+e+mateus	45	30	67.21621621621621	0.14285714285714285	0.17777777777777778	0.0
/musica/jorge-e-mateus/onde-haja-sol.html	45	43	221.33333333333334	0.6666666666666666	0.5333333333333333	0.0
/musica/luan-santana/minha-boca-voce-nao-beija-mais.html	45	39	98.83333333333333	0.7391304347826086	0.6	0.0
/artista/maria-bethania.html	44	18	63.69230769230769	0.0	0.11363636363636363	0.0
/musica/beyonce/irreplaceable.html	44	38	271.09090909090907	0.5	0.5	0.0
/musica/hugo-e-tiago/o-amor-de-antes.html	44	39	291.7916666666667	0.6956521739130435	0.45454545454545453	0.0
/musica/joao-carreiro-e-capataz/faculdade-da-pinga.html	44	36	214.82608695652175	0.4583333333333333	0.4772727272727273	0.0
/musica/padre-marcelo-rossi/anjos-de-resgate.html	44	38	189.95652173913044	0.5714285714285714	0.4772727272727273	0.0
/artista/alceu-valenca.html	43	6	19.0	0.0	0.023255813953488372	0.0
/artista/fagner.html	43	14	87.55813953488372	0.0	0.0	0.0
/artista/shania-twain.html	43	16	34.275	0.0	0.06976744186046512	0.0
/musica/djavan/oceano.html	43	33	246.625	0.5	0.4418604651162791	0.0
/musica/jorge-e-mateus/o-mundo-e-tao-pequeno.html	43	39	133.0	0.7307692307692307	0.5813953488372093	0.0
/musica/maria-cecilia-e-rodolfo/se-vira.html	43	39	95.45454545454545	0.7714285714285715	0.7441860465116279	0.0
/musica/restart/recomecar.html	43	41	130.28571428571428	0.72	0.5116279069767442	0.0
/artista/skank.html	42	21	61.77142857142857	0.0	0.16666666666666666	0.0
/musica/charlie-brown-jr/me-encontra.html	42	42	220.86363636363637	0.6666666666666666	0.47619047619047616	0.0
/musica/exaltasamba/abandonado.html	42	36	338.8636363636364	0.6666666666666666	0.47619047619047616	0.0
/musica/isa-tkm/tengo-tu-amor.html	42	38	285.55	0.5769230769230769	0.5238095238095238	0.0
/artista/umbanda.html	41	7	45.34285714285714	0.0	0.14634146341463414	0.0
/busca?q=sorriso+maroto	41	21	102.97435897435898	0.0	0.04878048780487805	0.0
/musica/avioes-do-forro/jeito-de-amar.html	41	37	271.5833333333333	0.7647058823529411	0.7073170731707317	0.0
/musica/ze-henrique-e-gabriel/eu-amo-te-amar.html	41	37	181.375	0.68	0.6097560975609756	0.0
/artista/laura-pausini.html	40	12	42.63157894736842	0.0	0.05	0.0
/busca?q=maria+cecilia+e+rodolfo	40	12	50.891891891891895	0.16666666666666666	0.075	0.0
/musica/beyonce-featuring-jay-z/single-ladies-(put-a-ring-on-it).html	40	32	194.27272727272728	0.7368421052631579	0.45	0.0
/musica/cesar-menotti-e-fabiano/caso-por-acaso.html	40	36	230.66666666666666	0.6111111111111112	0.4	0.0
/musica/fabio-jr/pai.html	40	31	256.05555555555554	0.4375	0.55	0.0
/musica/luan-santana/somos-apenas-um.html	40	38	181.47619047619048	0.6666666666666666	0.475	0.0
/musica/whitney-houston/i-look-to-you.html	40	33	292.8636363636364	0.4782608695652174	0.45	0.0
/artista/celine-dion.html	39	17	48.05714285714286	0.0	0.10256410256410256	0.0
/artista/roxette.html	39	21	83.27027027027027	0.3333333333333333	0.05128205128205128	0.0
/musica/ana-carolina/garganta.html	39	36	309.3478260869565	0.6875	0.41025641025641024	0.0
/musica/charlie-brown-jr/dona-do-meu-pensamento.html	39	38	194.76190476190476	0.41935483870967744	0.46153846153846156	0.0
/musica/eduardo-costa/amores-imortais.html	39	32	101.95238095238095	0.6428571428571429	0.46153846153846156	0.0
/musica/frank-sinatra/my-way.html	39	37	301.4	0.5454545454545454	0.48717948717948717	0.0
/musica/toquinho/aquarela.html	39	22	191.29166666666666	0.3157894736842105	0.38461538461538464	0.0
/musica/zeze-di-camargo-e-luciano/pra-mudar-minha-vida.html	39	28	170.72	0.42857142857142855	0.358974358974359	0.0
/musica/zeze-di-camargo-e-luciano/tarde-demais.html	39	33	179.6818181818182	0.56	0.4358974358974359	0.0
/artista/beyonce-featuring-jay-z.html	38	29	52.46875	0.0	0.15789473684210525	0.0
/artista/coldplay.html	38	14	34.026315789473685	0.0	0.0	0.0
/artista/fabio-jr.html	38	18	66.0	0.0	0.05263157894736842	0.0
/musica/bruno-e-marrone/nao-faz-mais-isso-comigo.html	38	35	224.6875	0.75	0.5789473684210527	0.0
/musica/kelly-clarkson/because-of-you.html	38	19	151.68965517241378	0.35714285714285715	0.23684210526315788	0.0
/artista/avril-lavigne.html	37	20	31.696969696969695	0.0	0.10810810810810811	0.0
/artista/sampa-crew.html	37	20	55.0	0.3333333333333333	0.08108108108108109	0.0
/busca?q=paula+fernandes	37	12	128.97142857142856	0.0	0.05405405405405406	0.0
/letra/0.html	37	31	55.17857142857143	0.2857142857142857	0.24324324324324326	0.0
/musica/adriana-calcanhotto/gatinha-manhosa.html	37	33	238.05555555555554	0.5555555555555556	0.5135135135135135	0.0
/musica/banda-nechivile/perdoa.html	37	27	195.22222222222223	0.6190476190476191	0.5135135135135135	0.0
/musica/oasis/wonderwall.html	37	35	496.57142857142856	0.46153846153846156	0.43243243243243246	0.0
/musica/paula-fernandes/danca-menina.html	37	32	239.0	0.5454545454545454	0.2702702702702703	0.0
/musica/rihanna/umbrella.html	37	36	322.4375	0.5789473684210527	0.5675675675675675	0.0
/artista/catedral.html	36	2	31.82857142857143	0.0	0.027777777777777776	0.0
/artista/iron-maiden.html	36	10	36.638888888888886	0.0	0.0	0.0
/artista/joss-stone.html	36	3	20.944444444444443	0.0	0.0	0.0
/musica/bruno-e-marrone/te-amo-tanto-(tanto-cara).html	36	17	172.3	0.5	0.16666666666666666	0.0
/musica/eduardo-costa/cachaceiro.html	36	31	213.6315789473684	0.6842105263157895	0.4722222222222222	0.0
/musica/jeito-moleque/ela-vem-do-ceu.html	36	34	242.76470588235293	0.6521739130434783	0.5277777777777778	0.0
/musica/racionais-mcs/negro-drama.html	36	31	369.6666666666667	0.5263157894736842	0.4166666666666667	0.0
/musica/rosa-de-saron/sem-voce.html	36	31	204.35294117647058	0.7368421052631579	0.5277777777777778	0.0
/musica/sorriso-maroto/eu-vacilei.html	36	32	53.266666666666666	0.8	0.5833333333333334	0.0
/artista/john-lennon.html	35	9	29.272727272727273	0.0	0.05714285714285714	0.0
/artista/lady-antebellum.html	35	15	19.88235294117647	0.0	0.02857142857142857	0.0
/artista/rita-lee.html	35	13	34.3	0.0	0.14285714285714285	0.0
/musica/beyonce-featuring-jay-z/broken-hearted-girl.html	35	32	320.75	0.7368421052631579	0.6571428571428571	0.0
/musica/bruno-e-marrone/mariane.html	35	24	102.75	0.5625	0.42857142857142855	0.0
/musica/eduardo-costa/sou-seu-fa-n-1.html	35	29	255.125	0.5625	0.5428571428571428	0.0
/musica/joao-bosco-e-vinicius/sufoco.html	35	30	136.5909090909091	0.5789473684210527	0.37142857142857144	0.0
/musica/lady-gaga/just-dance.html	35	32	205.33333333333334	0.7391304347826086	0.6571428571428571	0.0
/musica/michel-telo/ei-psiu-beijo-me-liga.html	35	31	151.9375	0.7222222222222222	0.5428571428571428	0.0
/musica/teen-angels/a-ver-si-pueden.html	35	31	280.0952380952381	0.391304347826087	0.4	0.0
/musica/tom-ze/sao-sao-paulo.html	35	33	204.0	0.45	0.37142857142857144	0.0
/artista/bon-jovi.html	34	14	43.75757575757576	0.0	0.029411764705882353	0.0
/artista/capital-inicial.html	34	16	27.466666666666665	0.0	0.11764705882352941	0.0
/artista/legiao-urbana.html	34	9	33.8	0.0	0.11764705882352941	0.0
/musica/extreme/more-than-words.html	34	12	367.35714285714283	0.7142857142857143	0.17647058823529413	0.0
/musica/grupo-facanha/saudades-do-amor.html	34	32	266.3333333333333	0.5625	0.5588235294117647	0.0
/musica/guns-n-roses/patience.html	34	26	132.23529411764707	0.6666666666666666	0.5	0.0
/musica/ivete-sangalo/na-base-do-beijo.html	34	32	159.0	0.6818181818181818	0.6470588235294118	0.0
/musica/john-mayer/heartbreak-warfare.html	34	27	214.125	0.5909090909090909	0.5294117647058824	0.0
/musica/jorge-e-mateus/querendo-te-amar.html	34	29	146.89473684210526	0.6	0.4411764705882353	0.0
/musica/padre-antonio-maria/sonda-me.html	34	24	221.0909090909091	0.5625	0.35294117647058826	0.0
/musica/pink-floyd/wish-you-were-here.html	34	26	338.4736842105263	0.4	0.4411764705882353	0.0
/musica/susan-boyle/youll-see.html	34	29	147.45454545454547	0.782608695652174	0.6764705882352942	0.0
/artista/backstreet-boys.html	33	14	55.275862068965516	0.6666666666666666	0.12121212121212122	0.0
/artista/chico-buarque.html	33	18	37.1875	0.0	0.030303030303030304	0.0
/artista/elton-john.html	33	10	48.3125	0.0	0.030303030303030304	0.0
/artista/exalta-samba.html	33	19	222.78571428571428	0.0	0.15151515151515152	0.0
/artista/los-hermanos.html	33	15	23.060606060606062	0.0	0.0	0.0
/artista/renato-russo.html	33	13	49.03125	0.0	0.030303030303030304	0.0
/artista/roupa-nova.html	33	14	48.8125	0.0	0.030303030303030304	0.0
/musica/ana-carolina/a-cancao-tocou-na-hora-errada.html	33	32	315.3333333333333	0.7647058823529411	0.5454545454545454	0.0
/musica/ana-carolina/resta.html	33	27	361.6	0.6666666666666666	0.3939393939393939	0.0
/musica/bee-gees/how-deep-is-your-love.html	33	24	353.6842105263158	0.34782608695652173	0.42424242424242425	0.0
/musica/beyonce-featuring-jay-z/hello.html	33	29	185.92307692307693	0.7	0.6060606060606061	0.0
/musica/bruno-e-marrone/nao-tente-me-impedir.html	33	27	189.4	0.5294117647058824	0.3939393939393939	0.0
/musica/chimarruts/versos-simples.html	33	29	150.33333333333334	0.625	0.5454545454545454	0.0
/musica/isa-tkm/para-mi.html	33	24	218.33333333333334	0.5	0.45454545454545453	0.0
/musica/jamily/conquistando-o-impossivel.html	33	28	214.26666666666668	0.6842105263157895	0.5454545454545454	0.0
/musica/lazaro/deus-vai-fazer.html	33	30	346.15384615384613	0.7647058823529411	0.6060606060606061	0.0
/musica/victor-leo/sinto-falta-de-voce.html	33	30	200.65	0.47619047619047616	0.3939393939393939	0.0
/busca?q=Digite+o+artista+ou+a+música+que+deseja+buscar	32	28	60.05263157894737	0.3333333333333333	0.40625	0.0
/musica/365/sao-paulo.html	32	27	251.6875	0.6666666666666666	0.5	0.0
/musica/aline-barros/deus-do-impossivel.html	32	27	225.25	0.5454545454545454	0.375	0.0
/musica/ana-carolina/nada-pra-mim.html	32	27	139.26315789473685	0.6	0.40625	0.0
/musica/ana-carolina/rosas.html	32	30	308.7894736842105	0.6153846153846154	0.40625	0.0
/musica/black-eyed-peas/dont-phunk-with-my-heart.html	32	29	144.9	0.8076923076923077	0.6875	0.0
/musica/bon-jovi/always.html	32	29	235.85714285714286	0.7368421052631579	0.5625	0.0
/musica/bruno-e-marrone/amor-nao-vai-faltar.html	32	29	287.5	0.5294117647058824	0.4375	0.0
/musica/cesar-menotti-e-fabiano/ciumenta.html	32	30	300.0	0.65	0.625	0.0
/musica/grupo-revelacao/amor-pra-eternidade.html	32	29	113.8	0.36363636363636365	0.375	0.0
/musica/joao-bosco-e-vinicius/sem-esse-coracao.html	32	30	289.57894736842104	0.6470588235294118	0.40625	0.0
/musica/leo-magalhaes/locutor.html	32	29	38.75	0.8148148148148148	0.75	0.0
/musica/miley-cyrus/party-in-the-usa.html	32	28	172.58333333333334	0.7894736842105263	0.625	0.0
/musica/milionario-e-jose-rico/solidao.html	32	28	240.46153846153845	0.6666666666666666	0.59375	0.0
/artista/nelson-goncalves.html	31	12	42.03703703703704	0.0	0.12903225806451613	0.0
/artista/o-teatro-magico.html	31	5	21.766666666666666	0.0	0.03225806451612903	0.0
/artista/phil-collins.html	31	9	27.928571428571427	1.0	0.0967741935483871	0.0
/busca?q=rihanna	31	20	27.333333333333332	0.25	0.22580645161290322	0.0
/musica/amado-batista/reclamando-sua-ausencia.html	31	14	153.5	0.25	0.0967741935483871	0.0
/musica/isa-tkm/ven-a-bailar.html	31	21	279.04761904761904	0.5	0.3225806451612903	0.0
/musica/justin-bieber/never-let-you-go.html	31	26	52.142857142857146	0.7333333333333333	0.5483870967741935	0.0
/musica/justin-bieber/one-time.html	31	28	180.23529411764707	0.6153846153846154	0.45161290322580644	0.0
/musica/nando-reis/all-star.html	31	27	249.95	0.4666666666666667	0.3548387096774194	0.0
/musica/nxzero/espero-a-minha-vez.html	31	28	260.4375	0.6666666666666666	0.4838709677419355	0.0
/musica/paulo-ricardo/dois.html	31	28	275.3333333333333	0.631578947368421	0.5161290322580645	0.0
/musica/tim-maia/voce.html	31	22	77.4	0.7333333333333333	0.5161290322580645	0.0
/musica/vanessa-da-mata/bau.html	31	30	145.07692307692307	0.6190476190476191	0.5806451612903226	0.0
/artista/alexandre-pires.html	30	17	41.23076923076923	0.0	0.13333333333333333	0.0
/artista/bob-marley.html	30	16	40.241379310344826	0.0	0.03333333333333333	0.0
/artista/james-blunt.html	30	10	45.53333333333333	0.0	0.0	0.0
/artista/xuxa.html	30	14	139.43478260869566	0.75	0.23333333333333334	0.0
/artista/zeca-pagodinho.html	30	16	62.96296296296296	0.0	0.1	0.0
/letra/q.html	30	27	34.07692307692308	0.0	0.13333333333333333	0.0
/musica/amado-batista/princesa.html	30	23	376.2	0.46153846153846156	0.3333333333333333	0.0
/musica/ana-carolina/e-isso-ai-(the-blowers-daughter).html	30	28	455.2	0.7333333333333333	0.6666666666666666	0.0
/musica/banda-dejavu/pense-em-mim.html	30	25	378.45454545454544	0.7272727272727273	0.6333333333333333	0.0
/musica/bon-jovi/livin-on-a-prayer.html	30	22	274.0	0.5714285714285714	0.43333333333333335	0.0
/musica/exaltasamba/se-liga.html	30	26	101.9	0.4375	0.3333333333333333	0.0
/musica/george-harrison/bangla-desh-traducao.html	30	29	237.0	1.0	0.9666666666666667	0.0
/musica/lady-gaga/alejandro-traducao.html	30	28	113.52380952380952	1.0	0.3	0.0
/musica/lady-gaga/poker-face.html	30	29	206.875	0.7857142857142857	0.4666666666666667	0.0
/musica/lazaro/morar-no-ceu.html	30	18	254.47368421052633	0.3076923076923077	0.36666666666666664	0.0
/musica/racionais-mcs/jesus-chorou.html	30	28	258.45454545454544	0.75	0.6333333333333333	0.0
/musica/shakira/estoy-aqui.html	30	28	247.5	0.5882352941176471	0.4666666666666667	0.0
/musica/sorriso-maroto/ainda-existe-amor-em-nos.html	30	27	155.0	0.5833333333333334	0.43333333333333335	0.0
/musica/vanessa-da-mata/nao-me-deixe-so.html	30	29	146.83333333333334	0.7142857142857143	0.6	0.0
/musica/victor-leo/fotos.html	30	21	107.22727272727273	0.5555555555555556	0.26666666666666666	0.0
/musica/whitney-houston/i-have-nothing.html	30	27	363.8333333333333	0.47368421052631576	0.4	0.0
/artista/grupo-revelacao.html	29	14	43.7037037037037	0.0	0.06896551724137931	0.0
/artista/jason-mraz.html	29	17	48.23076923076923	0.0	0.10344827586206896	0.0
/artista/taylor-swift.html	29	11	85.42307692307692	1.0	0.10344827586206896	0.0
/busca?q=roberto+carlos	29	18	40.08	0.5	0.13793103448275862	0.0
/musica/adalberto-adriano/culpados.html	29	27	171.73333333333332	0.6428571428571429	0.4827586206896552	0.0
/musica/belo/invencivel.html	29	22	237.0	0.5714285714285714	0.4482758620689655	0.0
/musica/bruno-e-marrone/por-te-amar-demais.html	29	27	327.8235294117647	0.5714285714285714	0.41379310344827586	0.0
/musica/chico-buarque/mil-perdoes.html	29	26	256.1818181818182	0.8	0.6206896551724138	0.0
/musica/chimarruts/saber-voar.html	29	26	158.75	0.7619047619047619	0.7241379310344828	0.0
/musica/djavan/se.html	29	25	308.8125	0.5714285714285714	0.4482758620689655	0.0
/musica/eduardo-costa/voce-foi-atriz.html	29	25	261.25	0.5454545454545454	0.4482758620689655	0.0
/musica/exaltasamba/calma-amor.html	29	28	364.2	0.7727272727272727	0.6551724137931034	0.0
/musica/isa-tkm/te-regalo-mi-amor.html	29	28	359.1666666666667	0.8695652173913043	0.7931034482758621	0.0
/musica/jorge-e-mateus/so-falta-voce.html	29	29	112.125	0.8	0.4482758620689655	0.0
/musica/michael-jackson/thriller.html	29	25	269.75	0.7058823529411765	0.5862068965517241	0.0
/musica/michel-telo/amanha-sei-la.html	29	27	95.53333333333333	0.75	0.4827586206896552	0.0
/musica/pitty/equalize.html	29	24	238.25	0.5454545454545454	0.4482758620689655	0.0
/musica/sampa-crew/distancia.html	29	24	170.55	0.46153846153846156	0.3103448275862069	0.0
/musica/teen-angels/hay-un-lugar.html	29	24	233.76923076923077	0.5555555555555556	0.5517241379310345	0.0
/musica/vanessa-da-mata/ainda-bem.html	29	28	522.3571428571429	0.5789473684210527	0.5172413793103449	0.0
/musica/victor-leo/amigo-apaixonado.html	29	26	175.0909090909091	0.8	0.6206896551724138	0.0
/musica/victor-leo/sem-voce.html	29	28	266.0	0.6666666666666666	0.4482758620689655	0.0
/artista/adelino-moreira.html	28	4	28.11111111111111	0.5	0.03571428571428571	0.0
/artista/fernandinho.html	28	11	35.333333333333336	0.0	0.03571428571428571	0.0
/artista/jonas-brothers.html	28	7	96.52	0.0	0.10714285714285714	0.0
/artista/jorge-aragao.html	28	5	33.0	0.0	0.03571428571428571	0.0
/artista/nechivile.html	28	2	11.071428571428571	0.0	0.0	0.0
/artista/regis-danese.html	28	9	131.92307692307693	0.0	0.07142857142857142	0.0
/musica/aline-barros/caminho-de-milagres.html	28	23	154.15384615384616	0.6666666666666666	0.5357142857142857	0.0
/musica/amado-batista/onde-esta-voce.html	28	20	117.82352941176471	0.7272727272727273	0.39285714285714285	0.0
/musica/ana-carolina/dentro.html	28	20	222.52941176470588	0.6428571428571429	0.39285714285714285	0.0
/musica/fernando-e-sorocaba/100--voce.html	28	26	70.66666666666667	0.0	0.35714285714285715	0.0
/musica/jorge-e-mateus/a-gente-ainda-se-ama.html	28	22	129.75	0.0	0.14285714285714285	0.0
/musica/jota-quest/facil.html	28	19	140.33333333333334	0.36363636363636365	0.25	0.0
/musica/jota-quest/o-sol.html	28	23	156.26666666666668	0.42857142857142855	0.4642857142857143	0.0
/musica/pitty/na-sua-estante.html	28	25	303.53333333333336	0.7	0.4642857142857143	0.0
/musica/racionais-mcs/homem-na-estrada.html	28	20	306.2142857142857	0.35714285714285715	0.5	0.0
/musica/raul-seixas/gospel.html	28	24	252.4	0.7222222222222222	0.6428571428571429	0.0
/musica/ricardo-e-joao-fernando/agora-e-tarde.html	28	27	126.94117647058823	0.7	0.39285714285714285	0.0
/musica/roberto-carlos/120-150-200-km-por-hora.html	28	25	174.1	0.0	0.2857142857142857	0.0
/musica/sampa-crew/eterno-amor.html	28	25	228.0	0.625	0.6071428571428571	0.0
/musica/skank/sutilmente.html	28	22	161.11111111111111	0.375	0.35714285714285715	0.0
/musica/titas/epitafio.html	28	26	259.2307692307692	0.7857142857142857	0.5357142857142857	0.0
/musica/zeze-di-camargo-e-luciano/dou-a-vida-por-um-beijo.html	28	23	184.05263157894737	0.5	0.32142857142857145	0.0
/artista/diante-do-trono.html	27	18	54.57692307692308	0.0	0.037037037037037035	0.0
/artista/latino.html	27	9	20.153846153846153	0.0	0.037037037037037035	0.0
/artista/mariah-carey.html	27	10	56.083333333333336	1.0	0.1111111111111111	0.0
/artista/miley-cyrus.html	27	13	37.916666666666664	1.0	0.1111111111111111	0.0
/artista/red-hot-chili-peppers.html	27	11	55.38461538461539	0.0	0.037037037037037035	0.0
/busca?q=belo	27	18	32.76	0.09090909090909091	0.07407407407407407	0.0
/letra/x.html	27	20	33.833333333333336	0.0	0.1111111111111111	0.0
/musica/amado-batista/casal-de-namorados.html	27	15	78.6086956521739	0.4444444444444444	0.14814814814814814	0.0
/musica/amado-batista/quem-e-voce.html	27	16	164.66666666666666	0.4	0.2222222222222222	0.0
/musica/avril-lavigne/alice.html	27	18	76.63157894736842	0.4117647058823529	0.2962962962962963	0.0
/musica/beyonce-featuring-jay-z/baby-boy.html	27	20	243.5	0.4666666666666667	0.48148148148148145	0.0
/musica/christian-e-cristiano/fa.html	27	20	93.625	0.8235294117647058	0.7037037037037037	0.0
/musica/exaltasamba/ate-o-sol-quis-ver.html	27	22	217.0	0.5333333333333333	0.4444444444444444	0.0
/musica/fernando-e-sorocaba/vem-ficar-do-meu-lado.html	27	26	135.5	0.75	0.5555555555555556	0.0
/musica/grupo-excitasamba/conselho.html	27	25	546.1666666666666	0.7894736842105263	0.7777777777777778	0.0
/musica/joao-bosco-e-vinicius/coracao-so-ve-voce.html	27	26	221.64705882352942	0.5333333333333333	0.37037037037037035	0.0
/musica/jorge-e-mateus/200-por-hora.html	27	26	77.2	1.0	0.4444444444444444	0.0
/musica/marcos-e-belutti/tudo-no-olhar.html	27	25	98.14285714285714	0.6666666666666666	0.48148148148148145	0.0
/musica/maroon-5/this-love.html	27	24	210.28571428571428	0.5625	0.48148148148148145	0.0
/musica/padre-marcelo-rossi/nossa-senhora.html	27	16	130.125	0.4	0.4074074074074074	0.0
/musica/racionais-mcs/capitulo-4-versiculo-3.html	27	25	559.9090909090909	0.6	0.5925925925925926	0.0
/musica/regis-danese/o-meu-deus-e-forte.html	27	24	173.0	0.7333333333333333	0.5555555555555556	0.0
/musica/renato-e-seus-blue-caps/eu-sei.html	27	21	74.5625	0.7777777777777778	0.4074074074074074	0.0
/musica/rita-lee/santa-rita-de-sampa.html	27	19	141.375	0.5333333333333333	0.4074074074074074	0.0
/musica/sorriso-maroto/e-agora-nos.html	27	22	165.125	0.6153846153846154	0.4074074074074074	0.0
/musica/sorriso-maroto/me-espera.html	27	25	285.8333333333333	0.6428571428571429	0.5555555555555556	0.0
/musica/sorriso-maroto/tenho-medo.html	27	24	196.35294117647058	0.5454545454545454	0.37037037037037035	0.0
/musica/susan-boyle/who-i-was-born-to-be.html	27	13	186.2941176470588	0.5833333333333334	0.37037037037037035	0.0
/musica/u2/one.html	27	27	308.7	0.8	0.6296296296296297	0.0
/musica/victor-leo/o-granfino-e-o-caipira.html	27	23	479.1666666666667	0.7142857142857143	0.5555555555555556	0.0
/artista/art-popular.html	26	6	14.68	0.0	0.038461538461538464	0.0
/artista/caetano-veloso.html	26	18	94.18181818181819	0.0	0.15384615384615385	0.0
/artista/enrique-iglesias.html	26	17	139.55555555555554	0.4	0.3076923076923077	0.0
/artista/nickelback.html	26	8	27.923076923076923	0.0	0.0	0.0
/artista/nirvana.html	26	12	63.916666666666664	0.2	0.07692307692307693	0.0
/artista/nxzero.html	26	13	48.25	0.0	0.07692307692307693	0.0
/artista/vanilla-sky.html	26	1	12.56	0.0	0.038461538461538464	0.0
/busca?q=the+time	26	20	58.0	0.38461538461538464	0.23076923076923078	0.0
/musica/aline-barros-e-cia/homenzinho-torto.html	26	23	186.8181818181818	0.7058823529411765	0.5769230769230769	0.0
/musica/ana-carolina/ruas-de-outono.html	26	22	339.1111111111111	0.375	0.3076923076923077	0.0
/musica/bruno-e-marrone/onde-voce-esta.html	26	20	151.38095238095238	0.4	0.19230769230769232	0.0
/musica/bruno-e-marrone/vou-pedir-a-deus-voce.html	26	24	153.0909090909091	0.6	0.5769230769230769	0.0
/musica/capital-inicial/musica-urbana.html	26	19	214.28571428571428	0.6	0.46153846153846156	0.0
/musica/exaltasamba/eu-nao-consigo-sem-voce.html	26	26	121.3125	0.6666666666666666	0.38461538461538464	0.0
/musica/fagner/fanatismo.html	26	21	182.36363636363637	0.6363636363636364	0.5769230769230769	0.0
/musica/fernando-e-sorocaba/estrela-solitaria.html	26	21	69.47619047619048	0.6666666666666666	0.19230769230769232	0.0
/musica/fernando-e-sorocaba/juliana.html	26	24	225.42857142857142	0.4117647058823529	0.46153846153846156	0.0
/musica/gloria-gaynor/i-will-survive.html	26	22	366.3333333333333	0.375	0.4230769230769231	0.0
/musica/grupo-bom-gosto/sorriso-aberto.html	26	20	266.1333333333333	0.7272727272727273	0.4230769230769231	0.0
/musica/justin-bieber/love-me.html	26	25	115.66666666666667	0.6666666666666666	0.4230769230769231	0.0
/musica/leonardo/a-fila-anda.html	26	13	40.833333333333336	0.6666666666666666	0.3076923076923077	0.0
/musica/lulu-santos/toda-forma-de-amor.html	26	25	273.7692307692308	0.5882352941176471	0.5	0.0
/musica/raca-negra/cheia-de-manias.html	26	21	127.35714285714286	0.6666666666666666	0.46153846153846156	0.0
/musica/zeca-pagodinho/coracao-em-desalinho.html	26	23	209.1	0.7333333333333333	0.6153846153846154	0.0
/artista/andrea-bocelli.html	25	6	42.69565217391305	0.0	0.08	0.0
/artista/claudia-leitte.html	25	18	46.6	0.3333333333333333	0.2	0.0
/artista/eminem.html	25	16	93.5	1.0	0.2	0.0
/artista/joao-gilberto.html	25	1	12.8	0.0	0.0	0.0
/artista/lionel-richie.html	25	5	19.708333333333332	0.0	0.04	0.0
/busca?q=damares	25	6	44.47826086956522	0.0	0.08	0.0
/busca?q=luan+santana	25	16	37.63636363636363	0.2857142857142857	0.12	0.0
/busca?q=michael+jackson	25	14	40.111111111111114	0.16666666666666666	0.28	0.0
/musica/adriana-calcanhoto/mais-feliz.html	25	24	207.0	0.5294117647058824	0.4	0.0
/musica/alanis-morissette/ironic.html	25	20	253.28571428571428	0.5	0.44	0.0
/musica/black-eyed-peas/imma-be.html	25	21	266.22222222222223	0.6666666666666666	0.64	0.0
/musica/bruno-e-marrone/choram-as-rosas.html	25	24	308.09090909090907	0.8181818181818182	0.56	0.0
/musica/bruno-e-marrone/favo-de-mel.html	25	18	84.58333333333333	0.6153846153846154	0.52	0.0
/musica/engenheiros-do-hawaii/infinita-highway.html	25	22	332.5833333333333	0.6666666666666666	0.52	0.0
/musica/exaltasamba/quero-sentir-de-novo.html	25	23	257.9	0.6428571428571429	0.6	0.0
/musica/john-lennon/imagine.html	25	20	188.0	0.6666666666666666	0.52	0.0
/musica/los-hermanos/ultimo-romance.html	25	23	363.6923076923077	0.5833333333333334	0.48	0.0
/musica/miley-cyrus/when-i-look-at-you.html	25	21	301.27272727272725	0.8	0.56	0.0
/musica/milionario-e-jose-rico/decida.html	25	20	163.5	0.6666666666666666	0.6	0.0
/musica/padre-marcelo-rossi/cura-me.html	25	20	157.3684210526316	0.3333333333333333	0.24	0.0
/musica/racionais-mcs/to-ouvindo-alguem-me-chamar.html	25	21	155.5	0.8	0.68	0.0
/musica/shakira/ciega-sordomuda.html	25	24	209.3846153846154	0.6666666666666666	0.48	0.0
/musica/zeze-di-camargo-e-luciano/a-distancia.html	25	21	72.54545454545455	0.375	0.56	0.0
/artista/alejandro-sanz.html	24	13	49.130434782608695	0.0	0.041666666666666664	0.0
/artista/bryan-adams.html	24	9	45.17391304347826	0.0	0.041666666666666664	0.0
/artista/waldick-soriano.html	24	8	129.38888888888889	0.6	0.25	0.0
/musica/amy-winehouse/love-is-a-losing-game.html	24	19	128.30769230769232	0.5454545454545454	0.4583333333333333	0.0
/musica/belo/reiventar.html	24	19	206.53333333333333	0.4444444444444444	0.375	0.0
/musica/beyonce-featuring-jay-z/ave-maria.html	24	23	215.07692307692307	0.6666666666666666	0.4583333333333333	0.0
/musica/bruno-e-marrone/flashback-de-nos-dois.html	24	23	212.35714285714286	0.6153846153846154	0.4166666666666667	0.0
/musica/capital-inicial/fatima.html	24	23	147.36363636363637	0.5714285714285714	0.5416666666666666	0.0
/musica/eduardo-costa/exemplo-das-paixoes.html	24	22	202.22222222222223	0.7142857142857143	0.625	0.0
/musica/isa-tkm/amigas-como-tu.html	24	18	224.46153846153845	0.4	0.4583333333333333	0.0
/musica/padre-marcelo-rossi/fe.html	24	14	60.705882352941174	0.375	0.2916666666666667	0.0
/musica/paula-fernandes/debaixo-do-cacho.html	24	22	202.3684210526316	0.4	0.20833333333333334	0.0
/musica/restart/amanhecer-no-teu-olhar.html	24	23	157.66666666666666	0.4166666666666667	0.375	0.0
/musica/rose-nascimento/deus-esta-contigo.html	24	16	24.272727272727273	0.8461538461538461	0.5416666666666666	0.0
/musica/shakira/gypsy.html	24	23	293.6	0.6153846153846154	0.5833333333333334	0.0
/musica/whitney-houston/greatest-love-of-all.html	24	22	346.3636363636364	0.8	0.5416666666666666	0.0
/artista/alicia-keys.html	23	11	46.523809523809526	1.0	0.08695652173913043	0.0
/artista/guilherme-e-santiago.html	23	9	85.9090909090909	0.0	0.043478260869565216	0.0
/artista/hugo-pena-e-gabriel.html	23	15	59.0	1.0	0.17391304347826086	0.0
/artista/jeito-moleque.html	23	13	92.9047619047619	0.0	0.08695652173913043	0.0
/artista/lulu-santos.html	23	11	56.95652173913044	0.0	0.0	0.0
/artista/maria-cecilia-e-rodolfo.html	23	5	60.95238095238095	1.0	0.08695652173913043	0.0
/artista/rolando-boldrin.html	23	1	27.5	0.0	0.043478260869565216	0.0
/artista/tim-maia.html	23	13	38.95	0.0	0.13043478260869565	0.0
/busca?q=fernando+e+sorocaba	23	12	79.66666666666667	0.42857142857142855	0.21739130434782608	0.0