/musica/paula-fernandes/passaro-de-fogo.html	1345	1080	197.80873493975903	0.5681265206812652	0.5063197026022305	0.0
/musica/fernando-e-sorocaba/madri.html	1013	859	152.57906458797328	0.6059743954480796	0.5567620927936822	0.0
/letra/a.html	956	727	101.99416909620992	0.3782894736842105	0.2824267782426778	0.0
/letra/b.html	892	665	104.74480712166172	0.2754098360655738	0.24439461883408073	0.0
/artista/jorge-e-mateus.html	800	352	51.04296296296296	0.22857142857142856	0.15625	0.0
/letra/m.html	756	571	101.63074204946996	0.2777777777777778	0.25132275132275134	0.0
/letra/r.html	688	496	87.37608318890814	0.17872340425531916	0.1613372093023256	0.0
/letra/c.html	676	493	105.3295238095238	0.28634361233480177	0.22337278106508876	0.0
/letra/j.html	659	466	85.57272727272728	0.13989637305699482	0.165402124430956	0.0
/letra/e.html	568	400	74.22268907563026	0.1366120218579235	0.1619718309859155	0.0
/letra/p.html	568	388	83.79664570230608	0.12352941176470589	0.1602112676056338	0.0
/letra/l.html	535	409	95.21064814814815	0.1724137931034483	0.1925233644859813	0.0
/letra/s.html	523	387	106.17718446601941	0.2905027932960894	0.21223709369024857	0.0
/musica/ke$ha/your-love-is-my-drug.html	505	435	128.73214285714286	0.5903614457831325	0.5564356435643565	0.0
/musica/edward-maya/stereo-love-feat-maya.html	450	378	164.04761904761904	0.6197718631178707	0.5333333333333333	0.0
/letra/t.html	427	326	101.63914373088684	0.2751677852348993	0.234192037470726	0.0
/artista/paula-fernandes.html	423	231	48.31436314363144	0.13333333333333333	0.1276595744680851	0.0
/artista/beyonce.html	405	190	59.23121387283237	0.2111111111111111	0.145679012345679	0.0
/musica/train/hey-soul-sister.html	397	347	231.69127516778522	0.7228070175438597	0.6246851385390428	0.0
/musica/paula-fernandes/chuva-chover.html	384	323	192.86153846153846	0.6336633663366337	0.4921875	0.0
/letra/d.html	363	273	105.15034965034965	0.32432432432432434	0.21212121212121213	0.0
/artista/fernando-e-sorocaba.html	345	198	44.03859649122807	0.24390243902439024	0.17391304347826086	0.0
/letra/g.html	339	253	95.30935251798562	0.21212121212121213	0.17994100294985252	0.0
/letra/f.html	337	253	82.2159090909091	0.15384615384615385	0.2166172106824926	0.0
/musica/paula-fernandes/quero-sim.html	320	271	213.17241379310346	0.6333333333333333	0.45625	0.0
/musica/paula-fernandes/meu-eu-em-voce.html	278	239	222.53048780487805	0.6	0.41007194244604317	0.0
/letra/n.html	269	200	78.12236286919831	0.12087912087912088	0.11895910780669144	0.0
/artista/katy-perry.html	267	179	73.04123711340206	0.2857142857142857	0.27340823970037453	0.0
/artista/exaltasamba.html	264	137	68.31223628691983	0.1111111111111111	0.10227272727272728	0.0
/musica/luan-santana/meteoro.html	249	217	136.0990990990991	0.673202614379085	0.5542168674698795	0.0
/artista/luan-santana.html	229	115	53.80288461538461	0.14285714285714285	0.09170305676855896	0.0
/artista/lady-gaga.html	227	153	61.389830508474574	0.3220338983050847	0.22026431718061673	0.0
/musica/justin-bieber/baby.html	215	184	205.57407407407408	0.6166666666666667	0.49767441860465117	0.0
/top/musicas.html	209	98	48.61702127659574	0.06666666666666667	0.10047846889952153	0.0
/musica/paula-fernandes/sem-voce.html	206	186	173.24107142857142	0.625	0.4563106796116505	0.0
/letra/i.html	189	137	66.98113207547169	0.21153846153846154	0.15873015873015872	0.0
/artista/bob-dylan.html	187	110	49.69798657718121	0.3333333333333333	0.20320855614973263	0.0
/letra/k.html	187	145	82.29268292682927	0.09375	0.12299465240641712	0.0
/artista/eduardo-costa.html	182	111	42.38125	0.5	0.12087912087912088	0.0
/musica/guilherme-e-santiago/e-dai.html	181	150	168.32222222222222	0.7010309278350515	0.5027624309392266	0.0
/musica/lady-gaga/bad-romance.html	169	149	240.0810810810811	0.6702127659574468	0.5621301775147929	0.0
/artista/victor-leo.html	167	109	52.919463087248324	0.0	0.10778443113772455	0.0
/artista/justin-bieber.html	165	94	57.00769230769231	0.21739130434782608	0.21212121212121213	0.0
/musica/victor-leo/borboletas.html	162	126	158.82051282051282	0.6413043478260869	0.5185185185185185	0.0
/artista/roberto-carlos.html	161	73	89.72108843537416	0.6666666666666666	0.08695652173913043	0.0
/musica/eduardo-costa/a-carta.html	161	135	189.01111111111112	0.6521739130434783	0.4409937888198758	0.0
/musica/paula-fernandes/complicado-demais.html	155	146	236.56626506024097	0.7272727272727273	0.4645161290322581	0.0
/artista/mariah-carey.html	152	16	33.854304635761586	0.0	0.006578947368421052	0.0
/letra/h.html	150	114	61.01574803149607	0.14893617021276595	0.15333333333333332	0.0
/musica/bruno-e-marrone/pra-nao-morrer-de-amor.html	149	128	151.93150684931507	0.6888888888888889	0.5100671140939598	0.0
/musica/ke$ha/tik-tok.html	149	130	124.0	0.6875	0.5838926174496645	0.0
/letra/v.html	144	118	73.8099173553719	0.07317073170731707	0.1597222222222222	0.0
/musica/lady-gaga/alejandro.html	140	124	156.8955223880597	0.7166666666666667	0.5214285714285715	0.0
/musica/joao-bosco-e-vinicius/chorame-liga.html	139	123	139.75806451612902	0.6666666666666666	0.5539568345323741	0.0
/musica/roberto-carlos/a-mulher-que-eu-amo.html	139	118	156.42028985507247	0.6438356164383562	0.5035971223021583	0.0
/artista/rose-nascimento.html	137	15	14.875	0.5	0.0072992700729927005	0.0
/artista/queen.html	133	39	59.7109375	0.25	0.03759398496240601	0.0
/artista/ana-carolina.html	129	60	60.504347826086956	0.0	0.10852713178294573	0.0
/artista/michel-telo.html	126	74	38.15384615384615	0.23529411764705882	0.1746031746031746	0.0
/musica/aline-barros/sonda-me-usa-me.html	126	104	373.3333333333333	0.6721311475409836	0.5	0.0
/musica/restart/levo-comigo.html	124	112	133.57142857142858	0.625	0.49193548387096775	0.0
/artista/rihanna.html	120	77	86.90526315789474	0.25	0.20833333333333334	0.0
/musica/paula-fernandes/jeito-de-mato.html	120	98	249.76271186440678	0.6415094339622641	0.5083333333333333	0.0
/musica/fernando-e-sorocaba/bala-de-prata.html	119	109	180.48648648648648	0.71875	0.6890756302521008	0.0
/artista/edward-maya.html	118	80	40.754901960784316	0.1	0.13559322033898305	0.0
/musica/shakira/gipsy.html	114	100	160.92957746478874	0.4528301886792453	0.37719298245614036	0.0
/artista/ivete-sangalo.html	110	38	49.90721649484536	0.0	0.11818181818181818	0.0
/artista/shakira.html	110	65	64.59550561797752	0.0	0.19090909090909092	0.0
/letra/z.html	110	87	69.03225806451613	0.125	0.15454545454545454	0.0
/letra/o.html	108	84	49.69318181818182	0.13636363636363635	0.18518518518518517	0.0
/artista/black-eyed-peas.html	107	71	91.34444444444445	0.0	0.1588785046728972	0.0
/musica/paula-fernandes/sede-de-amor.html	107	91	224.41558441558442	0.5609756097560976	0.2803738317757009	0.0
/artista/jorge-e-mateus.html?fb_xd_fragment=	106	13	20.33653846153846	0.0	0.018867924528301886	0.0
/musica/eduardo-costa/quem-foi-que-disse.html	105	84	158.72727272727272	0.6712328767123288	0.580952380952381	0.0
/musica/pitty/so-agora.html	104	97	315.6363636363636	0.7534246575342466	0.6826923076923077	0.0
/musica/sorriso-maroto/futuro-prometido.html	103	95	201.7941176470588	0.7228915662650602	0.6699029126213593	0.0
/musica/miley-cyrus/the-climb.html	102	93	322.85	0.6949152542372882	0.6078431372549019	0.0
/artista/bee-gees.html	101	23	62.03157894736842	1.0	0.0594059405940594	0.0
/artista/bruno-e-marrone.html	100	61	74.56179775280899	0.0	0.11	0.0
/musica/victor-leo/estrela-cadente.html	100	85	189.17391304347825	0.7647058823529411	0.54	0.0
/artista/u2.html	99	46	61.7	0.0	0.09090909090909091	0.0
/artista/sorriso-maroto.html	98	45	40.88505747126437	0.6666666666666666	0.11224489795918367	0.0
/musica/beyonce-featuring-jay-z/halo.html	98	82	279.7173913043478	0.6	0.5306122448979592	0.0
/musica/paula-fernandes/pra-que-inventaram-o-amor.html	98	84	188.30769230769232	0.4827586206896552	0.336734693877551	0.0
/artista/the-beatles.html	97	25	60.21978021978022	0.0	0.061855670103092786	0.0
/letra/u.html	94	71	82.34210526315789	0.13793103448275862	0.19148936170212766	0.0
/artista/green-day.html	93	8	43.53763440860215	0.0	0.0	0.0
/musica/luan-santana/sempre-com-voce.html	93	74	245.22222222222223	0.5344827586206896	0.5161290322580645	0.0
/letra/w.html	92	66	80.35616438356165	0.10256410256410256	0.20652173913043478	0.0
/artista/michael-jackson.html	91	46	58.10843373493976	0.5	0.08791208791208792	0.0
/musica/sorriso-maroto/sinais.html	91	81	314.0232558139535	0.5892857142857143	0.5274725274725275	0.0
/musica/charlie-brown-jr/so-os-loucos-sabem.html	90	80	278.9047619047619	0.5769230769230769	0.5333333333333333	0.0
/musica/alceu-valenca/anunciacao.html	89	80	266.5853658536585	0.527027027027027	0.5393258426966292	0.0
/musica/victor-leo/ao-vivo-e-em-cores.html	89	83	292.42857142857144	0.6538461538461539	0.5280898876404494	0.0
/musica/miley-cyrus/one-in-a-million.html	88	85	94.91666666666667	0.4883720930232558	0.45454545454545453	0.0
/artista/raul-seixas.html	87	17	36.31395348837209	0.0	0.011494252873563218	0.0
/artista/elvis-presley.html	86	26	52.825	0.5	0.06976744186046512	0.0
/artista/zeze-di-camargo-e-luciano.html	86	42	56.88461538461539	0.14285714285714285	0.09302325581395349	0.0
/musica/exaltasamba/gamei.html	86	72	133.3913043478261	0.7428571428571429	0.7325581395348837	0.0
/musica/fernando-e-sorocaba/paga-pau.html	86	73	171.71428571428572	0.6086956521739131	0.43023255813953487	0.0
/artista/tom-jobim.html	84	9	27.987951807228917	0.0	0.011904761904761904	0.0
/musica/paula-fernandes/cheiro-de-relva.html	84	77	274.60526315789474	0.7142857142857143	0.5476190476190477	0.0
/musica/padre-marcelo-rossi/anjos-de-resgate.html	82	68	161.64864864864865	0.6346153846153846	0.5487804878048781	0.0
/musica/aline-barros-e-cia/pula-pula.html	81	66	148.76470588235293	0.6	0.5802469135802469	0.0
/musica/luan-santana/to-de-cara.html	80	70	149.97142857142856	0.7307692307692307	0.5625	0.0
/musica/victor-leo/tem-que-ser-voce.html	80	68	281.609756097561	0.8064516129032258	0.4875	0.0
/artista/exaltasamba-musicas.html	79	51	37.97260273972603	0.0	0.0759493670886076	0.0
/artista/belo.html	77	35	72.0909090909091	0.0	0.14285714285714285	0.0
/musica/avioes-do-forro/jeito-de-amar.html	75	67	148.55555555555554	0.8771929824561403	0.76	0.0
/musica/black-eyed-peas/meet-me-halfway.html	75	71	235.1	0.7959183673469388	0.6	0.0
/artista/miley-cyrus.html	74	46	43.16393442622951	0.0	0.17567567567567569	0.0
/musica/janaynna-targino/sacanagem-tua.html	73	58	168.95454545454547	0.6	0.3972602739726027	0.0
/musica/jorge-e-mateus/voa-beija-flor.html	72	62	187.2258064516129	0.7619047619047619	0.5694444444444444	0.0
/musica/lazaro/meu-mestre.html	72	53	189.56410256410257	0.5609756097560976	0.4583333333333333	0.0
/artista/racionais-mcs.html	70	21	40.542857142857144	0.0	0.0	0.0
/musica/grupo-revelacao/ta-escrito.html	70	58	275.9166666666667	0.6052631578947368	0.4857142857142857	0.0
/artista/bob-marley.html	69	29	37.90625	0.2	0.07246376811594203	0.0
/artista/bon-jovi.html	69	24	57.07692307692308	0.0	0.057971014492753624	0.0
/busca?q=paula+fernandes	69	39	37.016666666666666	0.18181818181818182	0.13043478260869565	0.0
/musica/exaltasamba/valeu.html	69	59	103.07407407407408	0.7777777777777778	0.6086956521739131	0.0
/musica/lady-gaga/paparazzi.html	69	63	301.7241379310345	0.7272727272727273	0.5797101449275363	0.0
/musica/vanessa-da-mata/amado.html	69	63	172.17857142857142	0.7714285714285715	0.5942028985507246	0.0
/musica/victor-leo/deus-e-eu-no-sertao.html	68	61	133.23529411764707	0.6216216216216216	0.5	0.0
/musica/ana-carolina/velas-e-vento.html	67	63	172.125	0.6785714285714286	0.6417910447761194	0.0
/musica/victor-leo/fada.html	67	56	143.5	0.7777777777777778	0.5522388059701493	0.0
/artista/paramore.html	66	23	55.74193548387097	0.0	0.06060606060606061	0.0
/musica/beyonce/ego.html	66	61	146.58333333333334	0.8372093023255814	0.6363636363636364	0.0
/musica/beyonce-featuring-jay-z/if-i-were-a-boy.html	65	56	235.33333333333334	0.5625	0.4461538461538462	0.0
/musica/luan-santana/jogo-do-amor.html	65	51	147.09677419354838	0.5588235294117647	0.5230769230769231	0.0
/musica/nxzero/so-rezo.html	65	55	171.80769230769232	0.6818181818181818	0.6	0.0
/letra/q.html	63	50	34.05263157894737	0.15789473684210525	0.09523809523809523	0.0
/musica/exaltasamba/fui.html	63	57	130.17857142857142	0.7222222222222222	0.5555555555555556	0.0
/musica/hugo-pena-e-gabriel/to-nem-ai.html	63	55	192.83870967741936	0.75	0.5079365079365079	0.0
/musica/rihanna/rude-boy.html	63	57	343.0	0.6341463414634146	0.5714285714285714	0.0
/musica/shakira/estoy-aqui.html	63	52	221.3030303030303	0.4838709677419355	0.47619047619047616	0.0
/artista/diante-do-trono.html	62	14	43.275862068965516	0.0	0.06451612903225806	0.0
/artista/shania-twain.html	62	22	67.98181818181818	1.0	0.11290322580645161	0.0
/artista/whitney-houston.html	62	18	58.016129032258064	0.0	0.0	0.0
/musica/paula-fernandes/vai.html	62	57	149.8181818181818	0.5217391304347826	0.46774193548387094	0.0
/musica/rihanna/russian-roulette.html	62	53	360.25	0.6666666666666666	0.5483870967741935	0.0
/artista/jorge-vercilo.html	61	19	31.017241379310345	0.0	0.04918032786885246	0.0
/musica/amy-winehouse/rehab.html	61	55	245.29032258064515	0.5348837209302325	0.4918032786885246	0.0
/musica/jorge-e-mateus/querendo-te-amar.html	61	49	271.94117647058823	0.6	0.4426229508196721	0.0
/musica/paula-fernandes/danca-menina.html	61	52	128.25	0.76	0.47540983606557374	0.0
/artista/legiao-urbana.html	60	21	41.148148148148145	0.0	0.1	0.0
/artista/pink-floyd.html	60	19	69.32203389830508	0.0	0.016666666666666666	0.0
/artista/restart.html	60	34	58.53061224489796	0.125	0.18333333333333332	0.0
/musica/jorge-e-mateus/o-mundo-e-tao-pequeno.html	60	49	132.85714285714286	0.5625	0.4166666666666667	0.0
/musica/lady-gaga/telephone-feat-beyonce.html	60	51	295.375	0.7419354838709677	0.6	0.0
/musica/luan-santana/chocolate.html	60	58	139.80769230769232	0.6666666666666666	0.5666666666666667	0.0
/musica/zeze-di-camargo-e-luciano/eu-e-meu-pai.html	60	47	173.85714285714286	0.782608695652174	0.7666666666666667	0.0
/artista/roxette.html	59	19	79.87272727272727	0.5	0.06779661016949153	0.0
/musica/a-novica-rebelde-trilha-sonora/maria-portugues.html	59	48	264.06666666666666	0.7708333333333334	0.7457627118644068	0.0
/musica/ana-carolina/entreolhares.html	59	54	450.4074074074074	0.6666666666666666	0.5423728813559322	0.0
/musica/fernando-e-sorocaba/vem-ficar-do-meu-lado.html	59	49	144.9655172413793	0.6333333333333333	0.5084745762711864	0.0
/artista/lady-antebellum.html	58	24	34.089285714285715	0.0	0.034482758620689655	0.0
/musica/nando-reis/pra-voce-guardei-o-amor.html	58	53	368.4583333333333	0.5833333333333334	0.5862068965517241	0.0
/musica/regis-danese/faz-um-milagre-em-mim.html	58	46	242.5	0.6451612903225806	0.5172413793103449	0.0
/musica/restart/recomecar.html	58	50	235.33333333333334	0.6052631578947368	0.5344827586206896	0.0
/musica/rita-lee/tititi.html	58	52	213.36363636363637	0.6956521739130435	0.6206896551724138	0.0
/artista/jason-mraz.html	57	29	48.57142857142857	0.0	0.017543859649122806	0.0
/artista/maria-bethania.html	57	16	46.1764705882353	0.0	0.10526315789473684	0.0
/musica/alceu-valenca/tropicana-(morena-tropicana).html	57	46	225.2972972972973	0.5238095238095238	0.3508771929824561	0.0
/musica/eduardo-costa/nao-valeu-pra-voce.html	57	42	83.1875	0.5151515151515151	0.43859649122807015	0.0
/musica/engenheiros-do-hawaii/infinita-highway.html	57	49	302.03125	0.6285714285714286	0.43859649122807015	0.0
/musica/luan-santana/sinais.html	57	51	80.57575757575758	0.5	0.42105263157894735	0.0
/artista/diogo-nogueira.html	56	4	29.454545454545453	0.0	0.017857142857142856	0.0
/artista/hugo-pena-e-gabriel.html	56	14	41.867924528301884	0.0	0.05357142857142857	0.0
/artista/raimundos.html	56	16	48.84905660377358	0.0	0.05357142857142857	0.0
/musica/jamily/conquistando-o-impossivel.html	56	42	183.53125	0.5714285714285714	0.42857142857142855	0.0
/musica/maria-cecilia-e-rodolfo/se-vira.html	56	49	147.25	0.8181818181818182	0.7142857142857143	0.0
/musica/parangole/rebolation.html	56	50	169.94117647058823	0.7692307692307693	0.6964285714285714	0.0
/artista/jota-quest.html	55	19	65.8125	1.0	0.12727272727272726	0.0
/artista/padre-marcelo-rossi.html	55	22	37.395833333333336	0.5	0.12727272727272726	0.0
/musica/bruna-karla/que-bom-que-voce-chegou.html	55	37	103.96	0.7777777777777778	0.5454545454545454	0.0
/artista/evanescence.html	54	20	47.0	0.0	0.09259259259259259	0.0
/artista/jack-johnson.html	54	19	56.13725490196079	0.0	0.05555555555555555	0.0
/artista/ludmila-ferber.html	54	2	10.622641509433961	0.0	0.018518518518518517	0.0
/busca?q=	54	46	38.6	0.25806451612903225	0.25925925925925924	0.0
/musica/banda-nechivile/perdoa.html	54	33	115.60606060606061	0.4444444444444444	0.3888888888888889	0.0
/musica/jorge-e-mateus/misterios.html	54	35	82.3225806451613	0.6666666666666666	0.42592592592592593	0.0
/musica/jorge-e-mateus/vou-fazer-pirraca.html	54	49	182.0	0.7083333333333334	0.5185185185185185	0.0
/artista/backstreet-boys.html	53	24	108.0	0.5	0.1320754716981132	0.0
/musica/eduardo-costa/feito-tatuagem.html	53	37	129.65625	0.46153846153846156	0.39622641509433965	0.0
/musica/oasis/wonderwall.html	53	44	283.6666666666667	0.5862068965517241	0.5471698113207547	0.0
/musica/rosa-de-saron/sem-voce.html	53	46	218.10526315789474	0.6666666666666666	0.6415094339622641	0.0
/musica/victor-leo/nada-normal.html	53	46	228.5483870967742	0.42857142857142855	0.41509433962264153	0.0
/artista/clara-nunes.html	52	7	60.92156862745098	0.0	0.019230769230769232	0.0
/artista/exalta-samba.html	52	30	139.56521739130434	0.0	0.11538461538461539	0.0
/artista/paul-mccartney.html	52	18	48.255319148936174	0.6666666666666666	0.09615384615384616	0.0
/musica/padre-marcelo-rossi/noites-traicoeiras.html	52	46	187.66666666666666	0.7931034482758621	0.5961538461538461	0.0
/artista/grupo-revelacao.html	51	15	23.645833333333332	0.0	0.058823529411764705	0.0
/busca?q=jorge+e+mateus	51	21	50.81818181818182	0.18181818181818182	0.13725490196078433	0.0
/musica/abba/dancing-queen.html	51	45	308.258064516129	0.6190476190476191	0.39215686274509803	0.0
/musica/lazaro/eu-te-amo-tanto.html	51	41	212.28	0.5555555555555556	0.5098039215686274	0.0
/musica/luan-santana/aqui-e-o-seu-lugar.html	51	41	155.5	0.5217391304347826	0.49019607843137253	0.0
/musica/mariah-carey/i-want-to-know-what-love-is.html	51	42	322.15625	0.4583333333333333	0.37254901960784315	0.0
/top/artistas.html	51	39	86.53658536585365	1.0	0.19607843137254902	0.0
/artista/chimarruts.html	50	15	29.70212765957447	0.0	0.06	0.0
/artista/elton-john.html	50	17	41.375	0.0	0.04	0.0
/artista/joao-carreiro-e-capataz.html	50	12	32.89795918367347	0.0	0.02	0.0
/musica/lazaro/deus-vai-fazer.html	50	44	301.27777777777777	0.7647058823529411	0.64	0.0
/artista/aretha-franklin.html	49	28	72.79411764705883	0.32	0.30612244897959184	0.0
/artista/nelson-goncalves.html	49	10	50.816326530612244	0.0	0.0	0.0
/artista/nickelback.html	49	12	24.1875	0.0	0.02040816326530612	0.0
/artista/pitty.html	49	26	38.04545454545455	1.0	0.10204081632653061	0.0
/musica/padre-marcelo-rossi/cura-me.html	49	33	129.5	0.3076923076923077	0.2653061224489796	0.0
/musica/peter-tosh/legalize-it.html	49	37	153.55555555555554	0.7027027027027027	0.6326530612244898	0.0
/musica/rihanna/umbrella.html	49	42	203.57894736842104	0.696969696969697	0.6122448979591837	0.0
/musica/victor-leo/voce-sabia.html	49	39	91.33333333333333	0.5833333333333334	0.5102040816326531	0.0
/artista/aline-barros.html	48	24	51.53333333333333	1.0	0.0625	0.0
/musica/belo/reiventar.html	48	43	304.4375	0.7352941176470589	0.6666666666666666	0.0
/musica/eduardo-costa/sou-seu-fa-n-1.html	48	31	63.82142857142857	0.5714285714285714	0.4166666666666667	0.0
/musica/engenheiros-do-hawaii/pra-ser-sincero.html	48	43	221.8	0.7	0.4791666666666667	0.0
/musica/leo-magalhaes/porto-seguro.html	48	43	185.0	0.7727272727272727	0.5	0.0
/musica/sorriso-maroto/eu-vacilei.html	48	42	385.04761904761904	0.7391304347826086	0.5625	0.0
/musica/vanessa-da-mata/ainda-bem.html	48	42	169.5185185185185	0.5416666666666666	0.4375	0.0
/artista/fernanda-brum.html	47	15	35.13636363636363	0.0	0.06382978723404255	0.0
/artista/ze-ramalho.html	47	16	53.80434782608695	0.0	0.02127659574468085	0.0
/musica/ana-carolina/garganta.html	47	42	312.75	0.38095238095238093	0.40425531914893614	0.0
/musica/banda-dejavu/pense-em-mim.html	47	39	207.13333333333333	0.7419354838709677	0.6808510638297872	0.0
/musica/bruno-e-marrone/pode-ir-embora.html	47	42	136.8	0.625	0.46808510638297873	0.0
/musica/jorge-e-mateus/espelho.html	47	43	146.0	0.7391304347826086	0.5319148936170213	0.0
/musica/paula-fernandes/passaro-de-fogo.html?fb_xd_fragment=	47	33	162.91304347826087	0.0	0.5106382978723404	0.0
/musica/teen-angels/a-ver-si-pueden.html	47	39	214.27272727272728	0.6551724137931034	0.5319148936170213	0.0
/artista/sarah-brightman.html	46	12	25.4	0.0	0.021739130434782608	0.0
/busca?q=shakira	46	31	44.90243902439025	0.0	0.10869565217391304	0.0
/musica/engenheiros-do-hawaii/a-montanha.html	46	43	282.14285714285717	0.75	0.6956521739130435	0.0
/musica/fernando-e-sorocaba/da-cor-do-pecado.html	46	38	176.4814814814815	0.631578947368421	0.41304347826086957	0.0
/musica/jorge-e-mateus/de-tanto-te-querer.html	46	41	220.41666666666666	0.7894736842105263	0.4782608695652174	0.0
/musica/kings-of-leon/sex-on-fire.html	46	43	78.21052631578948	0.7692307692307693	0.5869565217391305	0.0
/artista/guns-n-roses.html	45	22	28.70731707317073	1.0	0.08888888888888889	0.0
/artista/ke$ha.html	45	38	54.48571428571429	1.0	0.2222222222222222	0.0
/artista/renato-russo.html	45	14	44.906976744186046	0.0	0.044444444444444446	0.0
/busca?q=belo	45	25	71.85365853658537	0.0	0.08888888888888889	0.0
/letra/0.html	45	40	33.97560975609756	0.0	0.08888888888888889	0.0
/musica/cesar-menotti-e-fabiano/caso-por-acaso.html	45	36	220.03846153846155	0.5238095238095238	0.4222222222222222	0.0
/musica/cleiton-e-huggo/me-de-um-sinal.html	45	38	99.86666666666666	0.6	0.3333333333333333	0.0
/musica/djavan/samurai.html	45	36	117.24	0.48	0.4444444444444444	0.0
/musica/eduardo-costa/voce-foi-atriz.html	45	38	310.625	0.6666666666666666	0.6444444444444445	0.0
/musica/fernanda-brum/amar-voce.html	45	38	180.23809523809524	0.6666666666666666	0.5333333333333333	0.0
/musica/joao-bosco-e-vinicius/sufoco.html	45	39	272.9375	0.7272727272727273	0.6444444444444445	0.0
/musica/jorge-e-mateus/onde-haja-sol.html	45	40	226.8421052631579	0.7083333333333334	0.5777777777777777	0.0
/musica/ke$ha/blah-blah-blah.html	45	42	149.33333333333334	0.7037037037037037	0.6666666666666666	0.0
/musica/luan-santana/minha-boca-voce-nao-beija-mais.html	45	35	188.48	0.6086956521739131	0.4444444444444444	0.0
/musica/paula-fernandes/debaixo-do-cacho.html	45	40	217.33333333333334	0.5652173913043478	0.4666666666666667	0.0
/musica/pitty/me-adora.html	45	41	393.0	0.5357142857142857	0.5111111111111111	0.0
/musica/victor-leo/nao-mais.html	45	34	118.51724137931035	0.5333333333333333	0.35555555555555557	0.0
/artista/amy-winehouse.html	44	28	54.486486486486484	1.0	0.1590909090909091	0.0
/artista/chico-science-nacao-zumbi.html	44	1	14.659090909090908	0.0	0.0	0.0
/artista/nando-reis.html	44	31	38.8421052631579	0.0	0.13636363636363635	0.0
/artista/reginaldo-rossi.html	44	8	43.725	0.0	0.09090909090909091	0.0
/musica/aline-barros/deus-do-impossivel.html	44	38	174.5	0.5652173913043478	0.45454545454545453	0.0
/musica/ana-carolina/alguem-me-disse.html	44	40	117.89655172413794	0.6470588235294118	0.3409090909090909	0.0
/musica/beyonce-featuring-jay-z/broken-hearted-girl.html	44	39	264.05263157894734	0.7083333333333334	0.5681818181818182	0.0
/musica/black-eyed-peas/i-gotta-feeling.html	44	37	235.2	0.75	0.6590909090909091	0.0
/musica/bruno-e-marrone/sou-eu.html	44	30	186.85714285714286	0.6111111111111112	0.36363636363636365	0.0
/musica/charlie-brown-jr/me-encontra.html	44	38	203.25925925925927	0.4782608695652174	0.38636363636363635	0.0
/musica/fernando-e-sorocaba/madri.html?fb_xd_fragment=	44	35	128.52631578947367	0.0	0.5681818181818182	0.0
/musica/isa-tkm/sigo-al-corazon.html	44	38	401.7	0.59375	0.5454545454545454	0.0
/musica/justin-bieber/one-time.html	44	40	217.45454545454547	0.6666666666666666	0.5	0.0
/musica/rihanna/te-amo.html	44	37	147.25	0.5555555555555556	0.45454545454545453	0.0
/artista/caju-e-castanha.html	43	5	20.375	0.0	0.06976744186046512	0.0
/artista/engenheiros-do-hawaii.html	43	28	94.82051282051282	0.5	0.09302325581395349	0.0
/musica/alceu-valenca/como-dois-animais.html	43	40	256.6923076923077	0.6666666666666666	0.3953488372093023	0.0
/musica/luan-santana/voce-do-meu-lado.html	43	38	138.52173913043478	0.7058823529411765	0.46511627906976744	0.0
/musica/padre-antonio-maria/sonda-me.html	43	37	234.3913043478261	0.47368421052631576	0.46511627906976744	0.0
/musica/racionais-mcs/negro-drama.html	43	35	358.3478260869565	0.7368421052631579	0.46511627906976744	0.0
/artista/chico-buarque.html	42	21	50.975	0.0	0.047619047619047616	0.0
/artista/eminem.html	42	29	88.23529411764706	0.25	0.19047619047619047	0.0
/artista/linkin-park.html	42	18	47.05555555555556	0.0	0.14285714285714285	0.0
/artista/sara-brightman.html	42	12	13.238095238095237	0.0	0.0	0.0
/musica/lady-gaga/poker-face.html	42	40	258.6666666666667	0.7333333333333333	0.42857142857142855	0.0
/artista/alexandre-pires.html	41	14	54.282051282051285	0.0	0.04878048780487805	0.0
/artista/laura-pausini.html	41	14	47.833333333333336	1.0	0.12195121951219512	0.0
/artista/los-hermanos.html	41	12	58.46153846153846	0.0	0.04878048780487805	0.0
/artista/pearl-jam.html	41	17	60.48717948717949	0.0	0.04878048780487805	0.0
/musica/christian-e-cristiano/fa.html	41	34	170.66666666666666	0.7586206896551724	0.7804878048780488	0.0
/musica/claudia-leitte/as-mascaras.html	41	39	208.8	0.75	0.6341463414634146	0.0
/musica/exaltasamba/eu-nao-consigo-sem-voce.html	41	36	184.47826086956522	0.6666666666666666	0.43902439024390244	0.0
/musica/isa-tkm/tengo-tu-amor.html	41	33	218.8095238095238	0.55	0.4878048780487805	0.0
/musica/raul-seixas/gita.html	41	20	134.33333333333334	0.45454545454545453	0.2682926829268293	0.0
/musica/ze-henrique-e-gabriel/o-que-combina-comigo-e-voce.html	41	38	197.4	0.6875	0.5121951219512195	0.0
/artista/amado-batista.html	40	19	73.51351351351352	0.0	0.075	0.0
/artista/john-lennon.html	40	8	20.289473684210527	0.0	0.05	0.0
/artista/rodriguinho.html	40	5	19.18918918918919	0.0	0.075	0.0
/musica/padre-fabio-de-melo/milagres.html	40	29	215.3	0.6521739130434783	0.5	0.0
/musica/ray-charles/hit-the-road-jack.html	40	40	193.15384615384616	0.6486486486486487	0.675	0.0
/musica/zeze-di-camargo-e-luciano/tarde-demais.html	40	33	205.75	0.625	0.6	0.0
/artista/raca-negra.html	39	15	58.083333333333336	1.0	0.07692307692307693	0.0
/artista/rosa-de-saron.html	39	13	72.41666666666667	0.3333333333333333	0.07692307692307693	0.0
/busca?q=exaltasamba	39	27	78.44827586206897	0.2727272727272727	0.2564102564102564	0.0
/musica/ana-carolina/e-isso-ai-(the-blowers-daughter).html	39	35	335.875	0.8888888888888888	0.7948717948717948	0.0
/musica/charlie-brown-jr/dona-do-meu-pensamento.html	39	36	217.94736842105263	0.5416666666666666	0.5128205128205128	0.0
/musica/claudinho-buchecha/nosso-sonho.html	39	38	362.6666666666667	0.8	0.6923076923076923	0.0
/musica/djavan/oceano.html	39	35	190.53333333333333	0.7272727272727273	0.6153846153846154	0.0
/musica/fabio-jr/pai.html	39	34	241.28571428571428	0.7307692307692307	0.6410256410256411	0.0
/musica/joao-carreiro-e-capataz/faculdade-da-pinga.html	39	34	256.11764705882354	0.7727272727272727	0.5641025641025641	0.0
/musica/jorge-e-mateus/so-falta-voce.html	39	35	136.82608695652175	0.7857142857142857	0.41025641025641024	0.0
/musica/vanessa-da-mata/bau.html	39	33	235.76	0.5	0.358974358974359	0.0
/artista/jennifer-lopez.html	38	7	26.205882352941178	0.0	0.10526315789473684	0.0
/artista/lulu-santos.html	38	15	39.57142857142857	0.0	0.07894736842105263	0.0
/musica/aline-barros-e-cia/homenzinho-torto.html	38	34	224.52631578947367	0.56	0.5	0.0
/musica/bruno-e-marrone/nao-tente-me-impedir.html	38	32	106.72222222222223	0.6363636363636364	0.5263157894736842	0.0
/musica/luan-santana/somos-apenas-um.html	38	35	151.5	0.6	0.631578947368421	0.0
/musica/michel-telo/larga-de-bobeira.html	38	31	144.05	0.5909090909090909	0.47368421052631576	0.0
/musica/nxzero/espero-a-minha-vez.html	38	30	303.0952380952381	0.6428571428571429	0.4473684210526316	0.0
/musica/paulo-ricardo/dois.html	38	31	143.88888888888889	0.7	0.5263157894736842	0.0
/musica/sorriso-maroto/ainda-existe-amor-em-nos.html	38	37	295.6666666666667	0.5263157894736842	0.4473684210526316	0.0
/musica/thales-e-thiago/ja-tem-outra-em-seu-lugar.html	38	36	238.5	0.6666666666666666	0.3684210526315789	0.0
/artista/abba.html	37	17	34.25714285714286	0.0	0.05405405405405406	0.0
/artista/bonnie-tyler.html	37	6	25.675675675675677	0.0	0.0	0.0
/artista/britney-spears.html	37	19	102.63636363636364	0.0	0.10810810810810811	0.0
/artista/maria-gadu.html	37	15	37.294117647058826	0.0	0.08108108108108109	0.0
/artista/tim-maia.html	37	22	41.35294117647059	0.0	0.08108108108108109	0.0
/musica/ana-carolina/to-saindo.html	37	31	134.5185185185185	0.4444444444444444	0.2702702702702703	0.0
/musica/eduardo-costa/eu-aposto.html	37	33	235.375	0.7727272727272727	0.5675675675675675	0.0
/musica/engenheiros-do-hawaii/somos-quem-podemos-ser.html	37	30	323.5769230769231	0.38461538461538464	0.2972972972972973	0.0
/musica/jorge-e-mateus/um-dia-te-levo-comigo.html	37	32	227.6818181818182	0.6666666666666666	0.40540540540540543	0.0
/musica/pitty/na-sua-estante.html	37	35	321.8636363636364	0.5625	0.40540540540540543	0.0
/musica/raul-seixas/gospel.html	37	30	230.9375	0.6153846153846154	0.5675675675675675	0.0
/musica/victor-leo/o-granfino-e-o-caipira.html	37	23	171.45454545454547	0.6470588235294118	0.40540540540540543	0.0
/artista/charlie-brown-jr.html	36	20	54.02857142857143	0.0	0.027777777777777776	0.0
/musica/a-bela-e-a-fera/a-bela-e-a-fera.html	36	25	142.64705882352942	0.6111111111111112	0.5277777777777778	0.0
/musica/eduardo-costa/amores-imortais.html	36	31	350.3125	0.7083333333333334	0.5555555555555556	0.0
/musica/eduardo-costa/exemplo-das-paixoes.html	36	29	197.10526315789474	0.6818181818181818	0.4722222222222222	0.0
/musica/ivete-sangalo/na-base-do-beijo.html	36	32	173.23076923076923	0.6363636363636364	0.6388888888888888	0.0
/musica/joao-bosco-e-vinicius/sem-esse-coracao.html	36	33	204.06666666666666	0.6666666666666666	0.5833333333333334	0.0
/musica/michael-jackson/thriller.html	36	33	338.2857142857143	0.5769230769230769	0.6111111111111112	0.0
/musica/padre-fabio-de-melo/humano-amor-de-deus.html	36	29	192.23529411764707	0.6875	0.5277777777777778	0.0
/musica/raca-negra/cheia-de-manias.html	36	29	136.16666666666666	0.75	0.6666666666666666	0.0
/musica/racionais-mcs/diario-de-um-detento.html	36	30	269.6666666666667	0.7142857142857143	0.5	0.0
/musica/sergio-mendes/funky-bahia.html	36	35	177.69230769230768	0.9523809523809523	0.6388888888888888	0.0
/musica/shania-twain/from-this-moment-on.html	36	23	225.71428571428572	0.5	0.4166666666666667	0.0
/musica/ze-ramalho/avohai.html	36	28	295.46666666666664	0.65	0.5833333333333334	0.0
/artista/doce-encontro.html	35	8	30.757575757575758	1.0	0.05714285714285714	0.0
/artista/pixote.html	35	10	64.15151515151516	0.0	0.05714285714285714	0.0
/musica/adalberto-adriano/culpados.html	35	32	200.94736842105263	0.6111111111111112	0.45714285714285713	0.0
/musica/ana-carolina/confesso.html	35	31	146.78947368421052	0.5333333333333333	0.45714285714285713	0.0
/musica/edson-e-hudson/meu-anjo.html	35	32	102.91666666666667	0.7647058823529411	0.6571428571428571	0.0
/musica/fernando-e-sorocaba/ah-como-eu-amo-voce.html	35	26	99.0952380952381	0.7692307692307693	0.4	0.0
/musica/nando-reis/relicario.html	35	30	267.05263157894734	0.5384615384615384	0.45714285714285713	0.0
/musica/toquinho/aquarela.html	35	21	70.89473684210526	0.4666666666666667	0.45714285714285713	0.0
/musica/whitney-houston/i-look-to-you.html	35	23	161.68421052631578	0.6428571428571429	0.45714285714285713	0.0
/musica/adriana-calcanhotto/gatinha-manhosa.html	34	32	154.33333333333334	0.4782608695652174	0.47058823529411764	0.0
/musica/amado-batista/quem-e-voce.html	34	29	145.11111111111111	0.75	0.7352941176470589	0.0
/musica/amado-batista/reclamando-sua-ausencia.html	34	24	100.73684210526316	0.7142857142857143	0.4411764705882353	0.0
/musica/beyonce/sweet-dreams.html	34	34	209.21428571428572	0.7727272727272727	0.5882352941176471	0.0
/musica/bruno-e-marrone/sonho-louco.html	34	28	116.55555555555556	0.6666666666666666	0.47058823529411764	0.0
/musica/engenheiros-do-hawaii/refrao-de-bolero.html	34	27	164.3913043478261	0.6	0.3235294117647059	0.0
/musica/guilherme-e-santiago/do-outro-lado-da-cidade.html	34	28	136.66666666666666	0.6190476190476191	0.47058823529411764	0.0
/musica/ivete-sangalo/teus-olhos.html	34	30	249.23076923076923	0.65	0.6176470588235294	0.0
/musica/michel-telo/ei-psiu-beijo-me-liga.html	34	28	135.72222222222223	0.6875	0.47058823529411764	0.0
/musica/pitbull/i-know-you-want-me-(calle-ocho).html	34	33	206.53333333333333	0.8	0.5588235294117647	0.0
/musica/renato-russo/faroeste-cabloco.html	34	31	436.0	0.6842105263157895	0.6176470588235294	0.0
/musica/rose-nascimento/deus-esta-contigo.html	34	22	83.7	0.3157894736842105	0.4117647058823529	0.0
/musica/sorriso-maroto/e-agora-nos.html	34	31	201.71428571428572	0.6842105263157895	0.5882352941176471	0.0
/musica/zeze-di-camargo-e-luciano/pra-mudar-minha-vida.html	34	32	315.27272727272725	0.84	0.6764705882352942	0.0
/musica/amado-batista/anjo-bom.html	33	23	106.42857142857143	0.5714285714285714	0.5757575757575758	0.0
/musica/backstreet-boys/straight-through-my-heart.html	33	31	344.9047619047619	0.32	0.36363636363636365	0.0
/musica/beyonce-featuring-jay-z/hello.html	33	30	132.93333333333334	0.6666666666666666	0.5454545454545454	0.0
/musica/guns-n-roses/sweet-child-o-mine.html	33	30	395.75	0.75	0.5151515151515151	0.0
/musica/jorge-e-mateus/traz-ela-de-volta-pra-mim.html	33	30	103.0	0.6153846153846154	0.42424242424242425	0.0
/musica/owl-city/fireflies.html	33	29	197.15384615384616	0.7058823529411765	0.6060606060606061	0.0
/musica/pink-floyd/comfortably-numb.html	33	24	218.88235294117646	0.47368421052631576	0.48484848484848486	0.0
/musica/raul-seixas/medo-da-chuva.html	33	21	163.94736842105263	0.5	0.42424242424242425	0.0
/musica/shakira/ciega-sordomuda.html	33	29	111.6923076923077	0.68	0.6060606060606061	0.0
/musica/tim-maia/gostava-tanto-de-voce.html	33	29	324.9	0.4444444444444444	0.3939393939393939	0.0
/musica/u2/one.html	33	26	341.1111111111111	0.47058823529411764	0.45454545454545453	0.0
/artista/iron-maiden.html	32	13	59.56666666666667	0.0	0.0625	0.0
/artista/kleber-lucas.html	32	4	20.71875	0.0	0.0	0.0
/artista/scorpions.html	32	13	26.71875	0.0	0.0	0.0
/busca?q=bruna+karla	32	12	42.67857142857143	0.2222222222222222	0.125	0.0
/musica/alceu-valenca/solidao.html	32	28	187.94444444444446	0.6666666666666666	0.4375	0.0
/musica/avril-lavigne/alice.html	32	26	87.0	0.6	0.5625	0.0
/musica/bruno-e-marrone/amor-nao-vai-faltar.html	32	27	145.375	0.6428571428571429	0.5	0.0
/musica/engenheiros-do-hawaii/ate-o-fim.html	32	26	249.25	0.5333333333333333	0.375	0.0
/musica/jorge-e-mateus/te-amo-tanto-que-nem-sei.html	32	31	189.11111111111111	0.6153846153846154	0.4375	0.0
/musica/michael-jackson/human-nature.html	32	31	378.5	0.6111111111111112	0.6875	0.0
/musica/miley-cyrus/party-in-the-usa.html	32	26	200.84615384615384	0.7894736842105263	0.59375	0.0
/musica/nando-reis/por-onde-andei.html	32	25	178.05882352941177	0.625	0.46875	0.0
/musica/palavra-cantada/dorme.html	32	31	131.75	0.6111111111111112	0.5	0.0
/musica/shania-twain/youre-still-the-one.html	32	27	258.3888888888889	0.45	0.4375	0.0
/musica/sorriso-maroto/me-espera.html	32	31	153.57142857142858	0.7368421052631579	0.5625	0.0
/musica/sorriso-maroto/por-voce.html	32	25	172.25	0.6153846153846154	0.5	0.0
/artista/red-hot-chili-peppers.html	31	8	20.766666666666666	0.0	0.03225806451612903	0.0
/artista/toquinho.html	31	7	45.67741935483871	0.0	0.0	0.0
/busca?q=rihanna	31	24	51.17391304347826	0.18181818181818182	0.25806451612903225	0.0
/musica/amado-batista/casal-de-namorados.html	31	11	95.52173913043478	0.5	0.25806451612903225	0.0
/musica/ana-carolina/a-cancao-tocou-na-hora-errada.html	31	28	185.57142857142858	0.5333333333333333	0.3225806451612903	0.0
/musica/banda-calypso/principe-encantado.html	31	28	221.9	0.72	0.6774193548387096	0.0
/musica/cassia-eller/por-enquanto.html	31	26	213.0	0.5882352941176471	0.45161290322580644	0.0
/musica/extreme/more-than-words.html	31	24	444.6666666666667	0.46153846153846156	0.41935483870967744	0.0
/musica/eyshila/nada-pode-calar-um-adorador.html	31	28	221.45454545454547	0.75	0.6451612903225806	0.0
/musica/fernanda-brum/te-amaria-outra-vez.html	31	29	233.77777777777777	0.5555555555555556	0.41935483870967744	0.0
/musica/frank-sinatra/my-way.html	31	20	193.9	0.375	0.3548387096774194	0.0
/musica/michael-jackson/ben.html	31	27	290.05555555555554	0.5555555555555556	0.41935483870967744	0.0
/musica/palavra-cantada/vagarinho.html	31	28	118.36842105263158	0.3333333333333333	0.3870967741935484	0.0
/musica/paula-fernandes/apaixonados-pela-lua.html	31	8	29.482758620689655	0.0	0.06451612903225806	0.0
/musica/queen/barcelona.html	31	26	216.77777777777777	0.68	0.7096774193548387	0.0
/musica/shakira/gypsy.html	31	30	249.54545454545453	0.7272727272727273	0.6451612903225806	0.0
/musica/victor-leo/fotos.html	31	29	211.0625	0.875	0.4838709677419355	0.0
/musica/victor-leo/sem-voce.html	31	28	156.22727272727272	0.7142857142857143	0.2903225806451613	0.0
/musica/victor-leo/vida-boa.html	31	27	189.5	0.5454545454545454	0.4838709677419355	0.0
/artista/creedence-clearwater-revival.html	30	4	29.133333333333333	0.0	0.0	0.0
/artista/george-michael.html	30	12	24.344827586206897	0.0	0.03333333333333333	0.0
/artista/pink.html	30	19	56.6	0.0	0.3333333333333333	0.0
/musica/djavan/se.html	30	25	304.7894736842105	0.6470588235294118	0.36666666666666664	0.0
/musica/eduardo-costa/da-pra-ver-no-seu-olhar.html	30	14	49.391304347826086	0.5	0.23333333333333334	0.0
/musica/exaltasamba/teu-segredo.html	30	27	154.125	0.7692307692307693	0.4666666666666667	0.0
/musica/lady-gaga/lovegame.html	30	27	222.5	0.65	0.5333333333333333	0.0
/musica/maria-bethania/ate-o-fim.html	30	25	229.58823529411765	0.625	0.43333333333333335	0.0
/musica/nxzero/razoes-e-emocoes.html	30	26	146.5625	0.5333333333333333	0.4666666666666667	0.0
/musica/otto/crua.html	30	28	312.5	0.6666666666666666	0.6	0.0
/musica/seu-jorge/carolina.html	30	21	146.6875	0.6153846153846154	0.4666666666666667	0.0
/musica/teen-angels/hay-un-lugar.html	30	27	263.6111111111111	0.47368421052631576	0.4	0.0
/musica/u2/with-or-without-you.html	30	27	270.0	0.625	0.5666666666666667	0.0
/artista/regis-danese.html	29	11	50.0	0.0	0.06896551724137931	0.0
/musica/ana-carolina/rosas.html	29	24	293.3529411764706	0.4444444444444444	0.41379310344827586	0.0
/musica/ana-carolina/tolerancia.html	29	27	193.41176470588235	0.6	0.41379310344827586	0.0
/musica/fernando-e-sorocaba/juliana.html	29	25	172.58333333333334	0.6842105263157895	0.5862068965517241	0.0
/musica/ministerio-atos-de-adoracao/preciso-de-ti.html	29	22	111.28571428571429	0.6666666666666666	0.5172413793103449	0.0
/musica/pearl-jam/alive.html	29	23	130.33333333333334	0.75	0.5862068965517241	0.0
/musica/queen/heaven-for-everyone.html	29	21	292.35714285714283	0.6666666666666666	0.5172413793103449	0.0
/musica/ricardo-e-joao-fernando/agora-e-tarde.html	29	27	208.11111111111111	0.5454545454545454	0.3793103448275862	0.0
/musica/rosa-de-saron/apenas-uma-cancao-de-amor.html	29	26	152.35714285714286	0.7222222222222222	0.5172413793103449	0.0
/musica/sampa-crew/eterno-amor.html	29	28	366.1666666666667	0.782608695652174	0.7931034482758621	0.0
/musica/shakira/si-te-vas.html	29	28	238.83333333333334	0.6666666666666666	0.5862068965517241	0.0
/artista/altemar-dutra.html	28	2	33.96296296296296	0.0	0.03571428571428571	0.0
/artista/catedral.html	28	7	115.36	0.0	0.10714285714285714	0.0
/artista/coldplay.html	28	9	49.714285714285715	0.0	0.0	0.0
/artista/david-quinlan.html	28	3	15.0	0.0	0.0	0.0
/artista/jeito-moleque.html	28	9	57.88461538461539	0.0	0.07142857142857142	0.0
/artista/kings-of-leon.html	28	15	51.148148148148145	0.0	0.03571428571428571	0.0
/artista/trio-nordestino.html	28	1	28.214285714285715	0.0	0.0	0.0
/artista/uriel-lozano.html	28	2	58.111111111111114	0.0	0.03571428571428571	0.0
/artista/voz-da-verdade.html	28	4	46.0	0.0	0.03571428571428571	0.0
/artista/ze-henrique-e-gabriel.html	28	4	28.5	0.0	0.0	0.0
/busca?q=maria+rita	28	7	38.32	0.0	0.10714285714285714	0.0
/busca?q=the+time	28	18	50.608695652173914	0.3333333333333333	0.17857142857142858	0.0
/musica/adriana-calcanhoto/fico-assim-sem-voce.html	28	24	287.15384615384613	0.7272727272727273	0.5357142857142857	0.0
/musica/aline-barros-e-cia/campeao.html	28	23	103.07692307692308	0.5454545454545454	0.5357142857142857	0.0
/musica/aline-barros-e-cia/voce-e-especial.html	28	24	82.3	0.8333333333333334	0.6428571428571429	0.0
/musica/ana-carolina/nada-pra-mim.html	28	24	96.83333333333333	0.7	0.35714285714285715	0.0
/musica/beyonce-featuring-jay-z/ave-maria.html	28	21	288.0	0.3333333333333333	0.2857142857142857	0.0
/musica/eduardo-costa/cachaceiro.html	28	26	106.1875	0.5714285714285714	0.42857142857142855	0.0
/musica/ivete-sangalo/se-eu-nao-te-amasse-tanto-assim.html	28	25	364.6111111111111	0.6363636363636364	0.35714285714285715	0.0
/musica/john-lennon/imagine.html	28	23	184.83333333333334	0.6153846153846154	0.5714285714285714	0.0
/musica/journey/dont-stop-believin.html	28	21	213.92307692307693	0.5882352941176471	0.5357142857142857	0.0
/musica/maria-bethania/explode-coracao.html	28	23	96.33333333333333	0.35294117647058826	0.4642857142857143	0.0
/musica/nando-reis/all-star.html	28	24	189.1578947368421	0.36363636363636365	0.32142857142857145	0.0
/musica/the-eagles/hotel-california.html	28	22	182.8	0.5	0.4642857142857143	0.0
/musica/titas/epitafio.html	28	25	261.53333333333336	0.5	0.4642857142857143	0.0
/musica/vanessa-da-mata/nao-me-deixe-so.html	28	27	368.7894736842105	0.3	0.32142857142857145	0.0
/artista/avril-lavigne.html	27	22	56.65217391304348	0.3333333333333333	0.14814814814814814	0.0
/artista/luciano-pavarotti.html	27	2	23.333333333333332	0.0	0.0	0.0
/busca?q=bruno+mars	27	22	30.4	0.5	0.4444444444444444	0.0
/musica/aline-barros/recomecar.html	27	23	255.23076923076923	0.7272727272727273	0.5185185185185185	0.0
/musica/bee-gees/how-deep-is-your-love.html	27	23	256.15384615384613	0.5	0.5185185185185185	0.0
/musica/cine/as-cores.html	27	24	313.8888888888889	0.7894736842105263	0.6666666666666666	0.0
/musica/claudia-leitte/pensando-em-voce.html	27	23	147.5	0.7	0.5555555555555556	0.0
/musica/djavan/flor-de-lis.html	27	24	189.05263157894737	0.5555555555555556	0.2962962962962963	0.0
/musica/evanescence/my-immortal.html	27	25	451.72727272727275	0.75	0.5925925925925926	0.0
/musica/exaltasamba/calma-amor.html	27	20	168.8	0.4	0.25925925925925924	0.0
/musica/exaltasamba/se-liga.html	27	25	117.76470588235294	0.5384615384615384	0.37037037037037035	0.0
/musica/fernando-e-sorocaba/100--voce.html	27	22	109.0	0.0	0.1111111111111111	0.0
/musica/fernando-e-sorocaba/aqui-a-tristeza-pula-de-alegria.html	27	25	140.91666666666666	0.7894736842105263	0.5555555555555556	0.0
/musica/fernando-e-sorocaba/brilho-no-olhar.html	27	19	159.14285714285714	0.2727272727272727	0.2222222222222222	0.0
/musica/guns-n-roses/patience.html	27	27	216.76923076923077	0.9230769230769231	0.5185185185185185	0.0
/musica/jeito-moleque/eu-voce-e-mais-ninguem.html	27	24	155.3846153846154	0.6428571428571429	0.5185185185185185	0.0
/musica/mamonas-assassinas/pelados-em-santos.html	27	18	63.9	0.7333333333333333	0.6296296296296297	0.0
/musica/miley-cyrus/when-i-look-at-you.html	27	26	577.0	0.8333333333333334	0.7777777777777778	0.0
/musica/molejo/voltei.html	27	27	273.8888888888889	0.7894736842105263	0.6666666666666666	0.0
/musica/paula-fernandes/espaco-sideral.html	27	25	228.08333333333334	0.6875	0.5555555555555556	0.0
/musica/paulo-ricardo/e-nao-vou-mais-deixar-voce-tao-so.html	27	15	418.6875	0.5833333333333334	0.4074074074074074	0.0
/musica/pitty/equalize.html	27	26	308.8125	0.45454545454545453	0.4074074074074074	0.0
/musica/raca-negra/vida-cigana.html	27	19	108.8125	0.5	0.4074074074074074	0.0
/musica/racionais-mcs/vida-loka-parte-1.html	27	19	130.625	0.36363636363636365	0.4074074074074074	0.0
/musica/teen-angels/un-paso.html	27	19	97.5	0.7142857142857143	0.4074074074074074	0.0
/musica/u2/i-still-havent-found-what-im-looking-for.html	27	24	141.63636363636363	0.6428571428571429	0.5925925925925926	0.0
/musica/whitney-houston/i-will-always-love-you.html	27	21	436.1875	0.4166666666666667	0.4074074074074074	0.0
/musica/zeze-di-camargo-e-luciano/a-distancia.html	27	10	8.555555555555555	0.5555555555555556	0.3333333333333333	0.0
/artista/aerosmith.html	26	14	91.04	0.0	0.038461538461538464	0.0
/artista/paralamas-do-sucesso.html	26	8	66.08	0.0	0.038461538461538464	0.0
/artista/radiohead.html	26	10	24.833333333333332	0.0	0.07692307692307693	0.0
/artista/rita-lee.html	26	7	32.19230769230769	0.0	0.0	0.0
/busca?q=ana+carolina	26	24	159.25	0.25	0.23076923076923078	0.0
/busca?q=ivete+sangalo	26	13	52.18181818181818	0.16666666666666666	0.15384615384615385	0.0
/busca?q=michael+jackson	26	17	30.708333333333332	0.16666666666666666	0.07692307692307693	0.0
/letra/b.html?fb_xd_fragment=	26	21	91.5	0.0	0.15384615384615385	0.0
/letra/c.html?fb_xd_fragment=	26	20	212.7826086956522	0.0	0.11538461538461539	0.0
/letra/j.html?fb_xd_fragment=	26	15	110.17391304347827	0.0	0.11538461538461539	0.0
/letra/y.html	26	19	46.5	0.3333333333333333	0.23076923076923078	0.0
/musica/air-supply/all-out-of-love.html	26	23	432.8888888888889	0.6666666666666666	0.6538461538461539	0.0
/musica/amado-batista/menininha-meu-amor.html	26	22	363.6363636363636	0.6111111111111112	0.5769230769230769	0.0
/musica/ana-carolina/tudo-bem.html	26	22	191.42105263157896	0.5	0.2692307692307692	0.0
/musica/black-eyed-peas/lets-get-it-started.html	26	22	197.33333333333334	0.7647058823529411	0.6538461538461539	0.0
/musica/bruno-e-marrone/te-amo-tanto-(tanto-cara).html	26	21	107.13333333333334	0.6923076923076923	0.4230769230769231	0.0
/musica/exaltasamba/abandonado.html	26	24	241.1875	0.42105263157894735	0.38461538461538464	0.0
/musica/grupo-bom-gosto/sorriso-aberto.html	26	21	232.0	0.4666666666666667	0.46153846153846156	0.0