/musica/paula-fernandes/passaro-de-fogo.html	1399	1124	187.90432098765433	0.6413301662707839	0.5368120085775554	0.0
/musica/fernando-e-sorocaba/madri.html	1340	1105	143.09981515711644	0.6565445026178011	0.5962686567164179	0.0
/letra/a.html	896	721	93.85339506172839	0.3150684931506849	0.2767857142857143	0.0
/letra/m.html	866	609	112.15434083601286	0.33620689655172414	0.2817551963048499	0.0
/letra/b.html	701	574	113.89097744360902	0.2888086642599278	0.24108416547788872	0.0
/letra/c.html	631	499	104.1271551724138	0.26244343891402716	0.26465927099841524	0.0
/letra/r.html	605	464	84.00806451612904	0.12206572769953052	0.18016528925619835	0.0
/artista/jorge-e-mateus.html	562	284	74.74736842105263	0.23008849557522124	0.15480427046263345	0.0
/letra/j.html	500	396	89.22506393861893	0.21951219512195122	0.218	0.0
/letra/e.html	490	369	102.4575	0.18243243243243243	0.1836734693877551	0.0
/musica/amy-winehouse/rehab.html	487	433	257.2957746478873	0.6077844311377245	0.5626283367556468	0.0
/musica/chico-buarque/mil-perdoes.html	478	450	217.3048780487805	0.868421052631579	0.8284518828451883	0.0
/artista/katy-perry.html	474	307	83.29131652661064	0.23493975903614459	0.2468354430379747	0.0
/musica/ke$ha/your-love-is-my-drug.html	442	391	113.56084656084656	0.6513157894736842	0.5723981900452488	0.0
/letra/l.html	440	347	92.25	0.17293233082706766	0.18181818181818182	0.0
/musica/edward-maya/stereo-love-feat-maya.html	440	380	173.37222222222223	0.7099236641221374	0.5909090909090909	0.0
/letra/s.html	432	355	118.77115987460814	0.28662420382165604	0.26157407407407407	0.0
/artista/paula-fernandes.html	414	212	45.63324538258575	0.25	0.08454106280193237	0.0
/artista/fernando-e-sorocaba.html	384	225	40.84782608695652	0.17142857142857143	0.16145833333333334	0.0
/letra/p.html	378	294	92.16838487972508	0.24742268041237114	0.23015873015873015	0.0
/letra/t.html	370	305	114.78125	0.3308270676691729	0.3081081081081081	0.0
/letra/g.html	324	244	90.63865546218487	0.25742574257425743	0.2654320987654321	0.0
/musica/luan-santana/meteoro.html	322	267	166.5031847133758	0.5661375661375662	0.5124223602484472	0.0
/artista/amy-winehouse.html	307	129	29.237037037037037	0.2857142857142857	0.12052117263843648	0.0
/artista/beyonce.html	305	137	43.985074626865675	0.10909090909090909	0.12131147540983607	0.0
/letra/d.html	302	219	100.0746887966805	0.19791666666666666	0.20198675496688742	0.0
/letra/f.html	297	228	82.93852459016394	0.1643835616438356	0.17845117845117844	0.0
/musica/paula-fernandes/meu-eu-em-voce.html	271	232	210.7639751552795	0.6086956521739131	0.4059040590405904	0.0
/artista/lady-gaga.html	266	149	52.02620087336245	0.2037037037037037	0.13909774436090225	0.0
/musica/justin-bieber/baby.html	265	237	154.78846153846155	0.6730769230769231	0.6075471698113207	0.0
/musica/amy-winehouse/back-to-black.html	252	228	310.1278195488722	0.5478260869565217	0.4722222222222222	0.0
/artista/black-eyed-peas.html	244	178	66.41361256544502	0.21839080459770116	0.21721311475409835	0.0
/letra/n.html	239	183	73.98445595854922	0.20588235294117646	0.19246861924686193	0.0
/artista/bruno-e-marrone.html	235	120	63.259433962264154	0.14285714285714285	0.09787234042553192	0.0
/musica/paula-fernandes/chuva-chover.html	213	185	185.55238095238096	0.6776859504132231	0.5070422535211268	0.0
/artista/victor-leo.html	206	121	52.096256684491976	0.0	0.09223300970873786	0.0
/musica/paula-fernandes/quero-sim.html	200	174	451.77777777777777	0.7052631578947368	0.55	0.0
/artista/ana-carolina.html	198	80	39.38121546961326	0.6666666666666666	0.08585858585858586	0.0
/musica/lady-gaga/alejandro.html	198	178	286.1089108910891	0.6021505376344086	0.4898989898989899	0.0
/letra/k.html	189	147	63.49079754601227	0.140625	0.13756613756613756	0.0
/letra/i.html	188	131	61.74233128834356	0.0851063829787234	0.13297872340425532	0.0
/musica/lady-gaga/bad-romance.html	184	151	246.87912087912088	0.6206896551724138	0.5054347826086957	0.0
/musica/amy-winehouse/you-know-im-no-good.html	183	165	286.81904761904764	0.49382716049382713	0.4262295081967213	0.0
/musica/victor-leo/borboletas.html	182	154	226.35632183908046	0.6632653061224489	0.521978021978022	0.0
/artista/eduardo-costa.html	175	76	58.148148148148145	0.23076923076923078	0.07428571428571429	0.0
/artista/luan-santana.html	169	113	54.06206896551724	0.21739130434782608	0.14201183431952663	0.0
/musica/paula-fernandes/sem-voce.html	166	151	198.38947368421051	0.6986301369863014	0.42771084337349397	0.0
/musica/roberto-carlos/a-mulher-que-eu-amo.html	163	140	153.20731707317074	0.6666666666666666	0.49693251533742333	0.0
/musica/restart/levo-comigo.html	162	141	228.21428571428572	0.6292134831460674	0.48148148148148145	0.0
/letra/v.html	161	130	65.75590551181102	0.2222222222222222	0.2111801242236025	0.0
/artista/roberto-carlos.html	159	66	50.641379310344824	0.25	0.0880503144654088	0.0
/artista/zeze-di-camargo-e-luciano.html	156	84	97.9927536231884	0.42857142857142855	0.11538461538461539	0.0
/musica/bruno-e-marrone/pra-nao-morrer-de-amor.html	156	131	132.66153846153847	0.6836734693877551	0.5833333333333334	0.0
/artista/legiao-urbana.html	154	17	39.81208053691275	0.0	0.032467532467532464	0.0
/musica/ke$ha/tik-tok.html	146	130	196.23636363636365	0.6727272727272727	0.6232876712328768	0.0
/letra/z.html	136	102	50.18260869565217	0.1346153846153846	0.15441176470588236	0.0
/artista/chico-buarque.html	135	47	82.4920634920635	0.0	0.06666666666666667	0.0
/musica/guilherme-e-santiago/e-dai.html	135	122	232.87272727272727	0.7209302325581395	0.5925925925925926	0.0
/musica/pitty/so-agora.html	130	125	317.2	0.8235294117647058	0.7307692307692307	0.0
/artista/edward-maya.html	128	85	72.52252252252252	0.16666666666666666	0.1328125	0.0
/artista/etta-james.html	128	66	60.88297872340426	0.390625	0.265625	0.0
/artista/michel-telo.html	128	71	57.443396226415096	0.09090909090909091	0.171875	0.0
/artista/nxzero.html	124	22	18.628099173553718	0.0	0.024193548387096774	0.0
/letra/w.html	124	73	80.75238095238095	0.1935483870967742	0.1532258064516129	0.0
/artista/justin-bieber.html	118	85	41.67619047619048	0.20689655172413793	0.11016949152542373	0.0
/musica/joao-bosco-e-vinicius/chorame-liga.html	118	101	272.6	0.5538461538461539	0.4915254237288136	0.0
/musica/eduardo-costa/a-carta.html	115	99	243.1851851851852	0.7543859649122807	0.5304347826086957	0.0
/musica/luan-santana/to-de-cara.html	114	89	109.08771929824562	0.5606060606060606	0.5	0.0
/musica/victor-leo/ao-vivo-e-em-cores.html	113	101	133.3968253968254	0.6129032258064516	0.4424778761061947	0.0
/artista/irmaos-levitas.html	112	3	20.464285714285715	0.0	0.0	0.0
/artista/michael-jackson.html	111	45	66.49514563106796	0.0	0.07207207207207207	0.0
/musica/paula-fernandes/complicado-demais.html	109	100	224.65151515151516	0.4878048780487805	0.3944954128440367	0.0
/artista/u2.html	105	48	51.144329896907216	0.5	0.0761904761904762	0.0
/artista/exaltasamba.html	103	50	47.46153846153846	0.0	0.11650485436893204	0.0
/artista/sorriso-maroto.html	103	38	79.83157894736843	0.0	0.07766990291262135	0.0
/musica/shakira/gipsy.html	103	89	119.77777777777777	0.35294117647058826	0.3883495145631068	0.0
/letra/h.html	102	77	77.04255319148936	0.03571428571428571	0.0784313725490196	0.0
/letra/o.html	102	79	84.3125	0.25806451612903225	0.21568627450980393	0.0
/musica/regis-danese/faz-um-milagre-em-mim.html	102	70	167.37037037037038	0.6226415094339622	0.47058823529411764	0.0
/musica/paula-fernandes/jeito-de-mato.html	100	89	343.531914893617	0.6346153846153846	0.53	0.0
/musica/fernando-e-sorocaba/bala-de-prata.html	99	85	114.92857142857143	0.589041095890411	0.5757575757575758	0.0
/musica/victor-leo/estrela-cadente.html	98	86	247.3272727272727	0.4791666666666667	0.4387755102040816	0.0
/artista/britney-spears.html	93	63	95.73015873015873	0.4418604651162791	0.3225806451612903	0.0
/musica/luan-santana/sempre-com-voce.html	93	83	168.13725490196077	0.46551724137931033	0.45161290322580644	0.0
/artista/zeca-pagodinho.html	92	14	28.417582417582416	0.0	0.010869565217391304	0.0
/artista/exaltasamba-musicas.html	90	62	71.88732394366197	0.0	0.2111111111111111	0.0
/musica/amy-winehouse/tears-dry-on-their-own.html	90	82	245.38636363636363	0.631578947368421	0.5111111111111111	0.0
/artista/rihanna.html	89	49	47.291666666666664	0.0	0.19101123595505617	0.0
/artista/shakira.html	88	60	72.37837837837837	0.0	0.1590909090909091	0.0
/musica/charlie-brown-jr/so-os-loucos-sabem.html	88	79	274.2	0.5882352941176471	0.48863636363636365	0.0
/musica/chico-buarque/as-vitrines.html	87	82	210.2391304347826	0.6111111111111112	0.47126436781609193	0.0
/letra/u.html	86	62	49.7	0.04	0.06976744186046512	0.0
/musica/sorriso-maroto/sinais.html	86	78	229.14285714285714	0.6153846153846154	0.5930232558139535	0.0
/artista/restart.html	85	48	52.140845070422536	0.058823529411764705	0.16470588235294117	0.0
/musica/amy-winehouse/love-is-a-losing-game.html	84	72	223.77083333333334	0.4827586206896552	0.42857142857142855	0.0
/musica/black-eyed-peas/i-gotta-feeling.html	84	80	407.23333333333335	0.7291666666666666	0.6428571428571429	0.0
/musica/beyonce-featuring-jay-z/halo.html	83	74	265.09090909090907	0.7111111111111111	0.6024096385542169	0.0
/musica/exaltasamba/valeu.html	83	74	230.27777777777777	0.6140350877192983	0.5662650602409639	0.0
/musica/paula-fernandes/cheiro-de-relva.html	82	72	201.36111111111111	0.7272727272727273	0.5609756097560976	0.0
/musica/train/hey-soul-sister.html	82	67	379.62068965517244	0.7321428571428571	0.6463414634146342	0.0
/musica/grupo-revelacao/ta-escrito.html	81	75	276.09375	0.6862745098039216	0.6049382716049383	0.0
/musica/exaltasamba/gamei.html	79	71	135.27586206896552	0.7454545454545455	0.6329113924050633	0.0
/musica/aline-barros/sonda-me-usa-me.html	78	70	390.80645161290323	0.6530612244897959	0.6025641025641025	0.0
/musica/eduardo-costa/nao-valeu-pra-voce.html	78	68	188.45945945945945	0.6538461538461539	0.5256410256410257	0.0
/musica/eduardo-costa/quem-foi-que-disse.html	78	59	136.17948717948718	0.6888888888888889	0.5	0.0
/artista/queen.html	77	32	113.36764705882354	0.2727272727272727	0.11688311688311688	0.0
/musica/lady-gaga/paparazzi.html	77	61	189.35135135135135	0.6052631578947368	0.5194805194805194	0.0
/musica/luan-santana/aqui-e-o-seu-lugar.html	77	68	250.70731707317074	0.7	0.4675324675324675	0.0
/musica/miley-cyrus/one-in-a-million.html	77	72	91.20930232558139	0.5	0.44155844155844154	0.0
/musica/rihanna/russian-roulette.html	77	68	234.94736842105263	0.5869565217391305	0.5064935064935064	0.0
/artista/the-beatles.html	76	31	41.68181818181818	0.25	0.13157894736842105	0.0
/musica/chico-buarque/ela-faz-cinema.html	76	71	225.9090909090909	0.5945945945945946	0.42105263157894735	0.0
/musica/victor-leo/tem-que-ser-voce.html	76	67	238.54761904761904	0.6296296296296297	0.4473684210526316	0.0
/artista/aerosmith.html	75	51	72.77941176470588	0.2	0.09333333333333334	0.0
/musica/bruna-karla/que-bom-que-voce-chegou.html	75	49	103.6046511627907	0.38461538461538464	0.4266666666666667	0.0
/musica/gal-costa/folhetim.html	75	68	358.0	0.4186046511627907	0.49333333333333335	0.0
/musica/mariah-carey/i-want-to-know-what-love-is.html	75	57	212.06976744186048	0.6388888888888888	0.4266666666666667	0.0
/musica/paula-fernandes/sede-de-amor.html	75	67	206.11764705882354	0.46153846153846156	0.32	0.0
/musica/amy-winehouse/me-e-mr-jones.html	74	67	229.61818181818182	0.5	0.25675675675675674	0.0
/musica/fernando-e-sorocaba/paga-pau.html	74	65	188.27777777777777	0.6	0.5135135135135135	0.0
/musica/nxzero/so-rezo.html	74	70	312.23809523809524	0.8301886792452831	0.7162162162162162	0.0
/musica/restart/recomecar.html	74	69	144.0	0.7346938775510204	0.6216216216216216	0.0
/musica/exaltasamba/fui.html	73	62	121.59375	0.7380952380952381	0.5616438356164384	0.0
/musica/jorge-e-mateus/vou-fazer-pirraca.html	73	63	214.85714285714286	0.6129032258064516	0.5205479452054794	0.0
/musica/black-eyed-peas/meet-me-halfway.html	72	63	163.33333333333334	0.8043478260869565	0.7083333333333334	0.0
/musica/luan-santana/chocolate.html	72	62	114.53333333333333	0.6904761904761905	0.5833333333333334	0.0
/musica/paula-fernandes/pra-que-inventaram-o-amor.html	72	61	201.3695652173913	0.6666666666666666	0.3611111111111111	0.0
/musica/victor-leo/deus-e-eu-no-sertao.html	72	64	219.1315789473684	0.6	0.4722222222222222	0.0
/musica/jorge-e-mateus/onde-haja-sol.html	71	61	214.71428571428572	0.75	0.5070422535211268	0.0
/musica/jorge-e-mateus/voa-beija-flor.html	71	60	139.28571428571428	0.5263157894736842	0.5070422535211268	0.0
/musica/victor-leo/fada.html	70	60	250.33333333333334	0.7	0.5714285714285714	0.0
/musica/lazaro/meu-mestre.html	69	61	195.75862068965517	0.5918367346938775	0.5797101449275363	0.0
/top/musicas.html	69	48	104.81132075471699	0.5714285714285714	0.2318840579710145	0.0
/artista/belo.html	67	26	86.37704918032787	0.0	0.08955223880597014	0.0
/musica/ana-carolina/entreolhares.html	67	60	260.15625	0.6	0.5223880597014925	0.0
/musica/paula-fernandes/vai.html	67	58	129.02564102564102	0.625	0.417910447761194	0.0
/musica/isa-tkm/debia-ser-amor.html	66	23	80.94444444444444	0.4	0.18181818181818182	0.0
/musica/beyonce-featuring-jay-z/if-i-were-a-boy.html	65	59	244.5	0.6842105263157895	0.5692307692307692	0.0
/musica/beyonce/ego.html	65	61	307.89285714285717	0.6829268292682927	0.5692307692307692	0.0
/musica/eduardo-costa/feito-tatuagem.html	65	49	265.0882352941176	0.6176470588235294	0.47692307692307695	0.0
/musica/luan-santana/jogo-do-amor.html	65	57	164.25806451612902	0.6764705882352942	0.5230769230769231	0.0
/top/artistas.html	65	34	45.89473684210526	0.0	0.12307692307692308	0.0
/artista/elvis-presley.html	64	31	54.275862068965516	0.3333333333333333	0.09375	0.0
/letra/q.html	64	52	61.8421052631579	0.19047619047619047	0.109375	0.0
/musica/nando-reis/pra-voce-guardei-o-amor.html	64	59	536.8695652173913	0.7297297297297297	0.640625	0.0
/musica/rihanna/rude-boy.html	64	59	250.55555555555554	0.6571428571428571	0.578125	0.0
/musica/justin-bieber/one-time.html	63	53	289.86206896551727	0.6410256410256411	0.5396825396825397	0.0
/artista/green-day.html	62	32	56.048780487804876	0.6521739130434783	0.3387096774193548	0.0
/artista/roupa-nova.html	62	30	60.56896551724138	0.0	0.06451612903225806	0.0
/musica/chico-buarque/construcao.html	62	58	360.13157894736844	0.4411764705882353	0.3870967741935484	0.0
/musica/padre-marcelo-rossi/noites-traicoeiras.html	61	48	183.80645161290323	0.7096774193548387	0.4918032786885246	0.0
/artista/damares.html	60	9	61.72727272727273	1.0	0.08333333333333333	0.0
/artista/raul-seixas.html	59	27	76.22222222222223	0.0	0.0847457627118644	0.0
/busca?q=	59	45	107.16279069767442	0.18181818181818182	0.2711864406779661	0.0
/musica/janaynna-targino/sacanagem-tua.html	59	53	173.22857142857143	0.5	0.4067796610169492	0.0
/musica/sorriso-maroto/futuro-prometido.html	59	53	232.08695652173913	0.6444444444444445	0.6101694915254238	0.0
/musica/vanessa-da-mata/amado.html	59	52	303.5217391304348	0.8181818181818182	0.6101694915254238	0.0
/artista/amado-batista.html	58	24	127.76	0.3333333333333333	0.13793103448275862	0.0
/artista/the-rolling-stones.html	58	2	18.157894736842106	0.0	0.017241379310344827	0.0
/musica/amy-winehouse/monkey-man.html	58	54	175.64	0.7777777777777778	0.5689655172413793	0.0
/musica/hugo-pena-e-gabriel/to-nem-ai.html	58	48	203.0	0.6956521739130435	0.41379310344827586	0.0
/musica/lazaro/deus-vai-fazer.html	58	43	200.34375	0.6	0.4482758620689655	0.0
/musica/victor-leo/nada-normal.html	58	49	226.2972972972973	0.5263157894736842	0.3620689655172414	0.0
/musica/bruno-e-marrone/pode-ir-embora.html	55	50	245.1	0.45161290322580644	0.45454545454545453	0.0
/artista/alejandro-sanz.html	54	25	23.36	0.0	0.07407407407407407	0.0
/musica/jorge-e-mateus/misterios.html	54	32	120.29729729729729	0.6666666666666666	0.3148148148148148	0.0
/musica/rita-lee/tititi.html	54	52	217.15384615384616	0.8409090909090909	0.7592592592592593	0.0
/musica/djavan/oceano.html	53	49	310.7857142857143	0.5517241379310345	0.4716981132075472	0.0
/musica/rihanna/te-amo.html	53	45	200.6086956521739	0.7058823529411765	0.5660377358490566	0.0
/artista/bob-marley.html	52	16	36.1764705882353	0.0	0.019230769230769232	0.0
/artista/pink-floyd.html	52	14	26.897959183673468	0.0	0.057692307692307696	0.0
/musica/banda-nechivile/perdoa.html	52	32	105.75	0.5333333333333333	0.46153846153846156	0.0
/artista/ivete-sangalo.html	51	26	62.93617021276596	0.5	0.0784313725490196	0.0
/busca?q=exaltasamba	51	31	48.24390243902439	0.3125	0.19607843137254902	0.0
/musica/beyonce/sweet-dreams.html	51	50	249.13333333333333	0.8108108108108109	0.7058823529411765	0.0
/musica/claudia-leitte/as-mascaras.html	51	43	139.75	0.6774193548387096	0.6078431372549019	0.0
/musica/jorge-e-mateus/o-mundo-e-tao-pequeno.html	51	48	172.4	0.5384615384615384	0.4117647058823529	0.0
/musica/shakira/estoy-aqui.html	51	42	273.42424242424244	0.39285714285714285	0.35294117647058826	0.0
/musica/victor-leo/nao-mais.html	51	45	234.2962962962963	0.7307692307692307	0.47058823529411764	0.0
/artista/elis-regina.html	50	8	17.38	0.0	0.0	0.0
/artista/simone.html	50	7	28.8125	0.0	0.04	0.0
/musica/jorge-e-mateus/espelho.html	50	44	293.1818181818182	0.6818181818181818	0.56	0.0
/musica/marcos-e-belutti/perdoa-amor.html	50	46	211.68	0.5806451612903226	0.5	0.0
/artista/perla.html	49	4	18.693877551020407	0.0	0.0	0.0
/artista/turma-do-pagode.html	49	11	52.791666666666664	0.0	0.02040816326530612	0.0
/musica/isa-tkm/sigo-al-corazon.html	49	40	336.61538461538464	0.46875	0.46938775510204084	0.0
/musica/leo-magalhaes/porto-seguro.html	49	36	119.86666666666666	0.5555555555555556	0.3877551020408163	0.0
/musica/guns-n-roses/patience.html	48	37	218.66666666666666	0.5	0.375	0.0
/musica/jorge-e-mateus/de-tanto-te-querer.html	48	40	178.9090909090909	0.3	0.3125	0.0
/artista/jason-mraz.html	47	25	34.56818181818182	0.6666666666666666	0.06382978723404255	0.0
/musica/belo/reiventar.html	47	44	281.7142857142857	0.7142857142857143	0.5531914893617021	0.0
/musica/edson-e-hudson/meu-anjo.html	47	36	158.16666666666666	0.5714285714285714	0.3617021276595745	0.0
/musica/christian-e-cristiano/fa.html	46	35	306.70588235294116	0.6538461538461539	0.6304347826086957	0.0
/musica/seu-jorge/carolina.html	46	33	184.08333333333334	0.6	0.4782608695652174	0.0
/musica/u2/one.html	46	39	272.1923076923077	0.5625	0.43478260869565216	0.0
/musica/aline-barros-e-cia/pula-pula.html	45	39	207.73684210526315	0.6285714285714286	0.5777777777777777	0.0
/musica/ana-carolina/garganta.html	45	40	240.65	0.6666666666666666	0.5555555555555556	0.0
/musica/djavan/nem-um-dia.html	45	40	244.08333333333334	0.56	0.4666666666666667	0.0
/musica/raul-seixas/gita.html	45	29	177.93548387096774	0.6428571428571429	0.3111111111111111	0.0
/musica/raul-seixas/gospel.html	45	34	227.2941176470588	0.7	0.6222222222222222	0.0
/artista/padre-marcelo-rossi.html	44	15	61.04761904761905	0.0	0.045454545454545456	0.0
/musica/adriana-calcanhotto/gatinha-manhosa.html	44	38	181.57142857142858	0.7666666666666667	0.5227272727272727	0.0
/musica/amy-winehouse/know-you-now.html	44	37	130.76190476190476	0.5925925925925926	0.5227272727272727	0.0
/musica/pitty/me-adora.html	44	37	347.3636363636364	0.6956521739130435	0.5	0.0
/letra/0.html	43	40	34.666666666666664	0.3333333333333333	0.16279069767441862	0.0
/musica/abba/dancing-queen.html	43	41	205.57894736842104	0.68	0.5581395348837209	0.0
/musica/beyonce-featuring-jay-z/single-ladies-(put-a-ring-on-it).html	43	41	254.33333333333334	0.56	0.4418604651162791	0.0
/musica/fabio-jr/pai.html	43	34	85.71428571428571	0.6551724137931034	0.6744186046511628	0.0
/musica/michael-jackson/thriller.html	43	36	319.42105263157896	0.56	0.5581395348837209	0.0
/musica/titas/epitafio.html	43	29	291.07142857142856	0.42857142857142855	0.3488372093023256	0.0
/artista/djavan.html	42	17	30.78048780487805	0.0	0.023809523809523808	0.0
/musica/bee-gees/how-deep-is-your-love.html	42	40	272.1666666666667	0.625	0.5714285714285714	0.0
/musica/chico-buarque/porque-era-ela-porque-era-eu.html	42	37	107.46153846153847	0.5263157894736842	0.38095238095238093	0.0
/musica/eduardo-costa/voce-foi-atriz.html	42	30	189.68	0.7142857142857143	0.40476190476190477	0.0
/musica/lazaro/eu-te-amo-tanto.html	42	35	361.92857142857144	0.6470588235294118	0.6666666666666666	0.0
/musica/luan-santana/minha-boca-voce-nao-beija-mais.html	42	35	200.57692307692307	0.5238095238095238	0.38095238095238093	0.0
/musica/paula-fernandes/danca-menina.html	42	41	217.25	0.47058823529411764	0.3333333333333333	0.0
/musica/zeze-di-camargo-e-luciano/tarde-demais.html	42	34	158.0952380952381	0.625	0.5	0.0
/artista/chimarruts.html	41	13	32.4	0.0	0.14634146341463414	0.0
/artista/racionais-mcs.html	41	18	78.24324324324324	1.0	0.0975609756097561	0.0
/musica/amy-winehouse/just-friends.html	41	39	252.25806451612902	0.4666666666666667	0.24390243902439024	0.0
/musica/black-eyed-peas/dont-phunk-with-my-heart.html	41	38	92.0	0.7837837837837838	0.7804878048780488	0.0
/musica/charlie-brown-jr/dona-do-meu-pensamento.html	41	37	282.04545454545456	0.5555555555555556	0.4634146341463415	0.0
/musica/edith-piaf/la-vie-en-rose.html	41	36	204.11111111111111	0.5806451612903226	0.5609756097560976	0.0
/musica/eduardo-costa/amores-imortais.html	41	37	336.5	0.5263157894736842	0.4146341463414634	0.0
/musica/eduardo-costa/sou-seu-fa-n-1.html	41	34	248.21052631578948	0.7368421052631579	0.5365853658536586	0.0
/musica/luan-santana/voce-do-meu-lado.html	41	35	121.0	0.5	0.4146341463414634	0.0
/musica/victor-leo/voce-sabia.html	41	37	226.55	0.64	0.5121951219512195	0.0
/artista/aline-barros.html	40	25	52.46875	0.0	0.2	0.0
/artista/ke$ha.html	40	36	39.34615384615385	1.0	0.35	0.0
/artista/westlife.html	40	7	188.6	0.0	0.0	0.0
/musica/beyonce-featuring-jay-z/broken-hearted-girl.html	40	34	263.1666666666667	0.625	0.55	0.0
/musica/beyonce/irreplaceable.html	40	34	267.2352941176471	0.7222222222222222	0.575	0.0
/musica/chico-buarque/o-que-sera-(a-flor-da-terra).html	40	32	288.85185185185185	0.3684210526315789	0.325	0.0
/musica/exaltasamba/abandonado.html	40	39	362.34615384615387	0.7272727272727273	0.35	0.0
/musica/joao-bosco-e-vinicius/sufoco.html	40	36	72.66666666666667	0.7096774193548387	0.7	0.0
/musica/lady-gaga/telephone-feat-beyonce.html	40	37	287.9230769230769	0.64	0.675	0.0
/musica/luan-santana/sinais.html	40	37	186.17391304347825	0.42105263157894735	0.425	0.0
/musica/teen-angels/hay-un-lugar.html	40	31	231.375	0.5	0.4	0.0
/artista/celine-dion.html	39	22	97.57575757575758	0.0	0.15384615384615385	0.0
/artista/nando-reis.html	39	22	50.891891891891895	0.0	0.05128205128205128	0.0
/artista/roxette.html	39	15	47.1875	0.5	0.1794871794871795	0.0
/musica/amy-winehouse/fuck-me-pumps.html	39	34	247.83333333333334	0.7142857142857143	0.5384615384615384	0.0
/musica/caetano-veloso/rapte-me-camaleoa.html	39	32	344.1666666666667	0.6086956521739131	0.5384615384615384	0.0
/musica/jamily/conquistando-o-impossivel.html	39	28	201.4	0.7142857142857143	0.6153846153846154	0.0
/musica/janis-joplin/a-woman-left-lonely.html	39	34	173.0952380952381	0.5185185185185185	0.46153846153846156	0.0
/musica/michel-telo/ei-psiu-beijo-me-liga.html	39	32	161.3181818181818	0.5	0.4358974358974359	0.0
/musica/padre-marcelo-rossi/anjos-de-resgate.html	39	29	194.03846153846155	0.4	0.3333333333333333	0.0
/musica/thales-e-thiago/ja-tem-outra-em-seu-lugar.html	39	37	79.5	0.5294117647058824	0.38461538461538464	0.0
/artista/exalta-samba.html	38	14	46.67741935483871	0.0	0.18421052631578946	0.0
/artista/john-mayer.html	38	13	34.52777777777778	0.0	0.05263157894736842	0.0
/busca?q=exalta+samba	38	18	73.3125	0.125	0.15789473684210525	0.0
/musica/avril-lavigne/alice.html	38	26	131.8181818181818	0.4444444444444444	0.42105263157894735	0.0
/musica/jorge-e-mateus/so-falta-voce.html	38	35	243.5	0.6	0.3684210526315789	0.0
/musica/justin-bieber/never-let-you-go.html	38	34	344.6666666666667	0.68	0.6052631578947368	0.0
/musica/marciano/boate-azul.html	38	25	225.10526315789474	0.5	0.5	0.0
/artista/bon-jovi.html	37	17	46.41935483870968	0.6666666666666666	0.16216216216216217	0.0
/artista/isabella-taviani.html	37	8	26.945945945945947	0.0	0.0	0.0
/artista/janis-joplin.html	37	12	35.8	0.0	0.05405405405405406	0.0
/artista/nickelback.html	37	12	44.86486486486486	0.0	0.0	0.0
/artista/vanessa-da-mata.html	37	17	27.8	0.0	0.05405405405405406	0.0
/busca?q=shakira	37	27	73.64285714285714	0.4166666666666667	0.24324324324324326	0.0
/musica/ana-carolina/e-isso-ai-(the-blowers-daughter).html	37	37	293.85714285714283	0.8947368421052632	0.8108108108108109	0.0
/musica/fernando-e-sorocaba/da-cor-do-pecado.html	37	33	165.5625	0.65	0.5675675675675675	0.0
/musica/milionario-e-jose-rico/solidao.html	37	30	197.47619047619048	0.5789473684210527	0.43243243243243246	0.0
/musica/ze-henrique-e-gabriel/o-que-combina-comigo-e-voce.html	37	34	223.58823529411765	0.7647058823529411	0.5405405405405406	0.0
/artista/beyonce-featuring-jay-z.html	36	25	26.8	1.0	0.16666666666666666	0.0
/musica/amy-winehouse/cupid.html	36	30	226.95454545454547	0.5882352941176471	0.3888888888888889	0.0
/musica/ana-carolina/velas-e-vento.html	36	32	97.63157894736842	0.6666666666666666	0.4722222222222222	0.0
/musica/bruno-e-marrone/nao-tente-me-impedir.html	36	32	240.55555555555554	0.6818181818181818	0.5	0.0
/musica/bruno-e-marrone/sonho-louco.html	36	32	236.94117647058823	0.7368421052631579	0.5277777777777778	0.0
/musica/bruno-e-marrone/sou-eu.html	36	25	72.69565217391305	0.6153846153846154	0.3611111111111111	0.0
/musica/elis-regina/como-nossos-pais.html	36	28	206.26315789473685	0.7222222222222222	0.4722222222222222	0.0
/musica/jorge-e-mateus/querendo-te-amar.html	36	34	106.6086956521739	0.5	0.3611111111111111	0.0
/musica/luan-santana/somos-apenas-um.html	36	36	344.46153846153845	0.6842105263157895	0.6388888888888888	0.0
/musica/nxzero/espero-a-minha-vez.html	36	32	221.0	0.75	0.5833333333333334	0.0
/artista/iron-maiden.html	35	14	30.303030303030305	0.0	0.05714285714285714	0.0
/artista/karametade.html	35	2	35.68571428571428	0.0	0.0	0.0
/artista/paul-mccartney.html	35	15	92.96551724137932	0.3333333333333333	0.17142857142857143	0.0
/busca?q=roberto+carlos	35	24	87.06896551724138	0.3	0.17142857142857143	0.0
/musica/ana-carolina/a-cancao-tocou-na-hora-errada.html	35	28	203.12	0.5	0.2857142857142857	0.0
/musica/isa-tkm/tengo-tu-amor.html	35	33	291.22222222222223	0.6	0.4857142857142857	0.0
/musica/ivete-sangalo/se-eu-nao-te-amasse-tanto-assim.html	35	32	357.4	0.72	0.7142857142857143	0.0
/musica/kelly-clarkson/because-of-you.html	35	17	73.6923076923077	0.2857142857142857	0.2571428571428571	0.0
/musica/rihanna/umbrella.html	35	32	263.1	0.9130434782608695	0.7142857142857143	0.0
/artista/abba.html	34	14	48.4375	0.0	0.058823529411764705	0.0
/musica/black-eyed-peas/imma-be.html	34	32	438.73333333333335	0.7777777777777778	0.5588235294117647	0.0
/musica/bruno-e-marrone/nao-faz-mais-isso-comigo.html	34	26	213.25	0.5	0.4117647058823529	0.0
/musica/chico-buarque/eu-te-amo.html	34	34	266.0952380952381	0.5454545454545454	0.38235294117647056	0.0
/musica/cleiton-e-huggo/me-de-um-sinal.html	34	31	142.72727272727272	0.6923076923076923	0.35294117647058826	0.0
/musica/fernanda-brum/amar-voce.html	34	32	354.1363636363636	0.5263157894736842	0.35294117647058826	0.0
/musica/racionais-mcs/jesus-chorou.html	34	33	388.8235294117647	0.5625	0.5	0.0
/musica/renato-russo/faroeste-cabloco.html	34	32	349.22222222222223	0.7272727272727273	0.7352941176470589	0.0
/musica/sorriso-maroto/eu-vacilei.html	34	30	242.05555555555554	0.6842105263157895	0.47058823529411764	0.0
/musica/sorriso-maroto/tenho-medo.html	34	27	272.6818181818182	0.7	0.35294117647058826	0.0
/musica/vanessa-da-mata/bau.html	34	32	219.0	0.41379310344827586	0.38235294117647056	0.0
/busca?q=belo	33	22	74.11111111111111	0.2	0.18181818181818182	0.0
/musica/amy-winehouse/addicted.html	33	30	154.73684210526315	0.5	0.42424242424242425	0.0
/musica/avioes-do-forro/jeito-de-amar.html	33	30	131.2	0.8888888888888888	0.8484848484848485	0.0
/musica/britney-spears/toxic.html	33	30	216.86666666666667	0.6842105263157895	0.5454545454545454	0.0
/musica/exaltasamba/a-gente-bota-pra-quebrar.html	33	29	144.3	0.6428571428571429	0.3939393939393939	0.0
/musica/exaltasamba/se-liga.html	33	29	206.5	0.5333333333333333	0.3939393939393939	0.0
/musica/john-lennon/imagine.html	33	26	250.25	0.5333333333333333	0.3939393939393939	0.0
/musica/racionais-mcs/negro-drama.html	33	27	237.92857142857142	0.7647058823529411	0.5757575757575758	0.0
/musica/u2/with-or-without-you.html	33	29	243.73684210526315	0.6923076923076923	0.42424242424242425	0.0
/artista/pearl-jam.html	32	14	74.60714285714286	0.0	0.125	0.0
/artista/shania-twain.html	32	8	32.61290322580645	0.0	0.03125	0.0
/musica/ana-carolina/dentro.html	32	24	242.04	0.3333333333333333	0.21875	0.0
/musica/celine-dion/to-love-you-more.html	32	27	219.5	0.7857142857142857	0.5	0.0
/musica/cesar-menotti-e-fabiano/caso-por-acaso.html	32	30	135.89473684210526	0.7058823529411765	0.40625	0.0
/musica/chico-buarque/joao-e-maria.html	32	26	319.1818181818182	0.4166666666666667	0.3125	0.0
/musica/djavan/se.html	32	29	317.4117647058824	0.6470588235294118	0.46875	0.0
/musica/eduardo-costa/eu-aposto.html	32	25	97.05882352941177	0.5	0.46875	0.0
/musica/michael-jackson/human-nature.html	32	31	458.44444444444446	0.8421052631578947	0.71875	0.0
/musica/paulo-ricardo/dois.html	32	30	191.5	0.75	0.6875	0.0
/musica/pitty/equalize.html	32	31	336.61538461538464	0.625	0.59375	0.0
/musica/racionais-mcs/diario-de-um-detento.html	32	25	279.36842105263156	0.4444444444444444	0.40625	0.0
/musica/restart/vou-cantar.html	32	31	98.6875	0.7647058823529411	0.5	0.0
/musica/vanessa-da-mata/ainda-bem.html	32	29	277.6	0.8333333333333334	0.53125	0.0
/artista/charlie-brown-jr.html	31	16	49.63333333333333	0.0	0.03225806451612903	0.0
/artista/sampa-crew.html	31	7	30.966666666666665	0.0	0.03225806451612903	0.0
/artista/scorpions.html	31	6	48.233333333333334	0.0	0.03225806451612903	0.0
/musica/banda-dejavu/pense-em-mim.html	31	28	335.9	0.6956521739130435	0.6774193548387096	0.0
/musica/charlie-brown-jr/so-existe-o-agora.html	31	26	189.45833333333334	0.7142857142857143	0.22580645161290322	0.0
/musica/eduardo-costa/exemplo-das-paixoes.html	31	27	200.84615384615384	0.55	0.5806451612903226	0.0
/musica/guns-n-roses/sweet-child-o-mine.html	31	26	289.1578947368421	0.5	0.3870967741935484	0.0
/musica/maria-cecilia-e-rodolfo/se-vira.html	31	31	381.6666666666667	0.8571428571428571	0.8064516129032258	0.0
/musica/milionario-e-jose-rico/vontade-dividida.html	31	26	246.05555555555554	0.4	0.41935483870967744	0.0
/musica/nando-reis/all-star.html	31	26	392.1111111111111	0.4375	0.41935483870967744	0.0
/musica/pixote/inseguranca.html	31	30	130.88888888888889	0.8095238095238095	0.7096774193548387	0.0
/musica/tim-maia/voce.html	31	18	299.9259259259259	0.0	0.12903225806451613	0.0
/artista/alfonso-herrera.html	30	1	21.833333333333332	0.0	0.0	0.0
/artista/black-sabbath.html	30	6	32.8	0.0	0.0	0.0
/artista/capital-inicial.html	30	12	136.53571428571428	0.0	0.06666666666666667	0.0
/artista/john-lennon.html	30	12	55.535714285714285	0.0	0.06666666666666667	0.0
/artista/madonna.html	30	14	25.535714285714285	0.0	0.06666666666666667	0.0
/busca?q=ana+carolina	30	20	50.041666666666664	0.35714285714285715	0.2	0.0
/musica/adriana-calcanhoto/fico-assim-sem-voce.html	30	25	296.8235294117647	0.4	0.43333333333333335	0.0
/musica/beyonce-featuring-jay-z/baby-boy.html	30	26	157.77777777777777	0.7142857142857143	0.7	0.0
/musica/djavan/samurai.html	30	25	288.1875	0.5625	0.4666666666666667	0.0
/musica/djavan/sina.html	30	27	129.55555555555554	0.875	0.4	0.0
/musica/isa-tkm/ven-a-bailar.html	30	29	205.5	0.5	0.4666666666666667	0.0
/musica/miley-cyrus/the-climb.html	30	21	195.58823529411765	0.6153846153846154	0.43333333333333335	0.0
/musica/otto/crua.html	30	28	206.46153846153845	0.5909090909090909	0.5666666666666667	0.0
/musica/restart/lembrancas.html	30	25	255.6	0.5	0.5	0.0
/musica/sorriso-maroto/e-agora-nos.html	30	26	290.73333333333335	0.75	0.5	0.0
/musica/vanessa-da-mata/nao-me-deixe-so.html	30	28	209.85714285714286	0.7692307692307693	0.5333333333333333	0.0
/musica/victor-leo/vida-boa.html	30	29	251.44444444444446	0.7857142857142857	0.4	0.0
/artista/caetano-veloso.html	29	14	70.625	1.0	0.1724137931034483	0.0
/artista/evanescence.html	29	8	84.78571428571429	0.0	0.034482758620689655	0.0
/artista/gerson-rufino.html	29	9	59.61538461538461	0.0	0.10344827586206896	0.0
/artista/laura-pausini.html	29	14	70.61538461538461	0.0	0.10344827586206896	0.0
/artista/linkin-park.html	29	12	48.851851851851855	0.0	0.06896551724137931	0.0
/artista/milionario-e-jose-rico.html	29	7	70.66666666666667	0.0	0.06896551724137931	0.0
/artista/raimundos.html	29	10	38.0	0.0	0.034482758620689655	0.0
/musica/aline-barros/deus-do-impossivel.html	29	26	125.0	0.8571428571428571	0.6551724137931034	0.0
/musica/amy-winehouse/he-can-only-hold-her.html	29	23	111.36363636363636	0.4444444444444444	0.2413793103448276	0.0
/musica/chico-buarque/samba-do-grande-amor.html	29	27	216.27777777777777	0.7142857142857143	0.3793103448275862	0.0
/musica/extreme/more-than-words.html	29	23	191.92857142857142	0.6470588235294118	0.5172413793103449	0.0
/musica/fernando-e-sorocaba/vem-ficar-do-meu-lado.html	29	23	49.07692307692308	0.7333333333333333	0.5517241379310345	0.0
/musica/jorge-e-mateus/amor-nao-e-jogo-de-azar.html	29	28	91.61538461538461	0.7333333333333333	0.5517241379310345	0.0
/musica/jorge-e-mateus/um-dia-te-levo-comigo.html	29	27	294.3	0.7647058823529411	0.6551724137931034	0.0
/musica/jota-quest/o-sol.html	29	22	141.4	0.7857142857142857	0.4827586206896552	0.0
/musica/lulu-santos/apenas-mais-uma-de-amor.html	29	26	194.9	0.7	0.6551724137931034	0.0
/musica/rosa-de-saron/sem-voce.html	29	26	455.6666666666667	0.4375	0.3793103448275862	0.0
/musica/teen-angels/un-paso.html	29	26	225.1578947368421	0.3333333333333333	0.3448275862068966	0.0
/musica/victor-leo/sem-voce.html	29	28	305.5625	0.6	0.4482758620689655	0.0
/artista/phil-collins.html	28	3	10.5	0.0	0.07142857142857142	0.0
/artista/skank.html	28	16	52.75	0.0	0.14285714285714285	0.0
/artista/titas.html	28	14	40.46153846153846	0.0	0.07142857142857142	0.0
/busca?q=Digite+o+artista+ou+a+música+que+deseja+buscar	28	20	29.5	0.3333333333333333	0.21428571428571427	0.0
/musica/amy-winehouse/wake-up-alone.html	28	24	265.8333333333333	0.5	0.35714285714285715	0.0
/musica/beyonce-featuring-jay-z/hello.html	28	28	93.45454545454545	0.7894736842105263	0.6071428571428571	0.0
/musica/cesar-menotti-e-fabiano/ciumenta.html	28	25	188.5	0.5294117647058824	0.42857142857142855	0.0
/musica/djavan/eu-te-devoro.html	28	23	269.52941176470586	0.5555555555555556	0.39285714285714285	0.0
/musica/djavan/flor-de-lis.html	28	26	205.78947368421052	0.5384615384615384	0.32142857142857145	0.0
/musica/janis-joplin/mercedes-benz.html	28	26	277.6666666666667	0.7857142857142857	0.4642857142857143	0.0
/musica/joao-carreiro-e-capataz/faculdade-da-pinga.html	28	26	133.14285714285714	0.8947368421052632	0.75	0.0
/musica/justin-bieber/love-me.html	28	22	398.15384615384613	0.5625	0.5357142857142857	0.0
/musica/lady-gaga/poker-face.html	28	26	249.4375	0.5	0.42857142857142855	0.0
/musica/paula-fernandes/debaixo-do-cacho.html	28	28	249.28571428571428	0.5	0.25	0.0
/musica/racionais-mcs/capitulo-4-versiculo-3.html	28	23	499.9375	0.5333333333333333	0.42857142857142855	0.0
/musica/ricardo-e-joao-fernando/agora-e-tarde.html	28	27	117.23076923076923	0.7333333333333333	0.5357142857142857	0.0
/musica/shania-twain/from-this-moment-on.html	28	25	369.14285714285717	0.6153846153846154	0.5	0.0
/musica/sorriso-maroto/ainda-existe-amor-em-nos.html	28	25	266.6190476190476	0.3333333333333333	0.25	0.0
/musica/victor-leo/sinto-falta-de-voce.html	28	27	136.46153846153845	0.8	0.5357142857142857	0.0
/musica/zeze-di-camargo-e-luciano/eu-e-meu-pai.html	28	26	114.85714285714286	0.782608695652174	0.75	0.0
/artista/alexandre-pires.html	27	17	34.523809523809526	0.0	0.2222222222222222	0.0
/artista/avril-lavigne.html	27	18	47.69565217391305	1.0	0.14814814814814814	0.0
/artista/raca-negra.html	27	13	56.875	0.0	0.1111111111111111	0.0
/busca?q=the+time	27	19	25.59090909090909	0.0	0.18518518518518517	0.0
/musica/black-eyed-peas/party-all-the-time-traducao.html	27	26	87.47368421052632	0.6666666666666666	0.2962962962962963	0.0
/musica/bon-jovi/always.html	27	25	380.3333333333333	0.75	0.5555555555555556	0.0
/musica/bon-jovi/its-my-life.html	27	24	174.1875	0.5384615384615384	0.4074074074074074	0.0
/musica/charlie-brown-jr/inabalavelmente.html	27	23	172.2	0.125	0.25925925925925924	0.0
/musica/chico-buarque/quando-o-carnaval-chegar.html	27	27	250.0625	0.5	0.4074074074074074	0.0
/musica/engenheiros-do-hawaii/infinita-highway.html	27	26	350.46153846153845	0.8125	0.5185185185185185	0.0
/musica/exaltasamba/ate-o-sol-quis-ver.html	27	26	250.92857142857142	0.42857142857142855	0.48148148148148145	0.0
/musica/exaltasamba/teu-segredo.html	27	24	118.11764705882354	0.5	0.37037037037037035	0.0
/musica/grupo-revelacao/coracao-blindado.html	27	24	81.2	0.55	0.6296296296296297	0.0
/musica/imperio-das-cocotas/perfil-das-recalcadas.html	27	26	42.5	0.92	0.9259259259259259	0.0
/musica/isa-tkm/cuando-me-siento-sola.html	27	19	189.32	0.0	0.07407407407407407	0.0
/musica/maroon-5/this-love.html	27	27	448.09090909090907	0.7142857142857143	0.5925925925925926	0.0
/musica/padre-antonio-maria/sonda-me.html	27	22	303.875	0.5454545454545454	0.4074074074074074	0.0
/musica/raca-negra/cheia-de-manias.html	27	24	77.08333333333333	0.75	0.5555555555555556	0.0
/musica/rihanna/dont-stop-the-music.html	27	25	212.42105263157896	0.4444444444444444	0.2962962962962963	0.0
/musica/sorriso-maroto/em-suas-maos.html	27	22	264.0	0.7777777777777778	0.4444444444444444	0.0
/musica/susan-boyle/i-dreamed-a-dream.html	27	18	144.375	0.6153846153846154	0.4074074074074074	0.0
/musica/victor-leo/lado-errado.html	27	20	103.3529411764706	0.5555555555555556	0.37037037037037035	0.0
/artista/banda-calypso.html	26	8	36.91304347826087	0.0	0.11538461538461539	0.0
/artista/jota-quest.html	26	7	32.04347826086956	0.0	0.11538461538461539	0.0
/busca?q=luan+santana	26	19	36.1578947368421	0.42857142857142855	0.2692307692307692	0.0
/busca?q=maria+gadu	26	24	31.181818181818183	0.25	0.15384615384615385	0.0
/busca?q=rihanna	26	21	69.85714285714286	0.3	0.19230769230769232	0.0
/musica/bruno-e-marrone/cavalgada.html	26	24	215.0	0.47058823529411764	0.46153846153846156	0.0
/musica/bruno-e-marrone/por-te-amar-demais.html	26	20	131.47058823529412	0.5	0.34615384615384615	0.0
/musica/chico-buarque/olhos-nos-olhos.html	26	25	258.0	0.625	0.34615384615384615	0.0
/musica/eyshila/nada-pode-calar-um-adorador.html	26	24	227.125	0.8181818181818182	0.6923076923076923	0.0
/musica/guilherme-e-santiago/do-outro-lado-da-cidade.html	26	23	141.2	0.7058823529411765	0.6153846153846154	0.0
/musica/ivete-sangalo/na-base-do-beijo.html	26	25	201.11111111111111	0.75	0.6538461538461539	0.0
/musica/janis-joplin/summertime.html	26	23	186.8235294117647	0.42857142857142855	0.34615384615384615	0.0
/musica/ke$ha/take-it-off.html	26	25	161.0	0.7222222222222222	0.6923076923076923	0.0
/musica/lazaro/morar-no-ceu.html	26	26	199.92307692307693	0.5714285714285714	0.5	0.0
/musica/marcos-e-belutti/tudo-no-olhar.html	26	22	209.88235294117646	0.4166666666666667	0.34615384615384615	0.0
/musica/michael-jackson/ben.html	26	25	449.0833333333333	0.7857142857142857	0.5384615384615384	0.0
/musica/michael-jackson/billie-jean.html	26	24	324.1	0.8333333333333334	0.6153846153846154	0.0
/musica/miley-cyrus/party-in-the-usa.html	26	25	524.6	0.7	0.6153846153846154	0.0
/musica/oasis/wonderwall.html	26	26	396.3	0.6842105263157895	0.6153846153846154	0.0
/musica/raul-seixas/metamorfose-ambulante.html	26	21	164.58333333333334	0.8571428571428571	0.5384615384615384	0.0
/musica/shakira/ciega-sordomuda.html	26	22	280.09090909090907	0.7058823529411765	0.5769230769230769	0.0
/musica/shakira/gypsy.html	26	25	331.0769230769231	0.5625	0.5	0.0
/musica/teen-angels/nena.html	26	22	181.46153846153845	0.625	0.5	0.0
/musica/tim-maia/me-de-motivo.html	26	16	163.05263157894737	0.5	0.2692307692307692	0.0
/musica/vanessa-da-mata/ilegais.html	26	24	390.6	0.47058823529411764	0.4230769230769231	0.0
/musica/vanessa-da-mata/vermelho.html	26	23	378.14285714285717	0.4444444444444444	0.46153846153846156	0.0
/musica/victor-leo/lembrancas-de-amor.html	26	21	203.1578947368421	0.5	0.2692307692307692	0.0
/musica/whitney-houston/i-look-to-you.html	26	22	208.84615384615384	0.5625	0.5	0.0
/artista/bee-gees.html	25	12	58.608695652173914	0.0	0.08	0.0
/artista/bob-dylan.html	25	12	50.5	0.0	0.04	0.0
/artista/fabio-jr.html	25	17	45.13636363636363	0.2222222222222222	0.12	0.0
/artista/jorge-vercilo.html	25	6	18.47826086956522	0.0	0.08	0.0
/artista/metallica.html	25	12	33.31818181818182	0.0	0.12	0.0
/musica/aline-barros-e-cia/homenzinho-torto.html	25	25	169.25	0.8823529411764706	0.68	0.0
/musica/ana-carolina/alguem-me-disse.html	25	24	340.6	0.6666666666666666	0.4	0.0
/musica/ana-carolina/encostar-na-tua.html	25	22	163.46153846153845	0.75	0.48	0.0
/musica/ana-carolina/nada-pra-mim.html	25	22	277.8235294117647	0.4166666666666667	0.32	0.0
/musica/ana-carolina/resta.html	25	22	82.3	0.7333333333333333	0.6	0.0
/musica/bruno-e-marrone/nossa-senhora-do-brasil.html	25	24	501.7	0.7647058823529411	0.6	0.0
/musica/claudia-leitte/pensando-em-voce.html	25	22	356.15384615384613	0.7272727272727273	0.48	0.0
/musica/eduardo-costa/esquecer-e-o-nosso-jeito.html	25	19	88.66666666666667	0.4444444444444444	0.4	0.0
/musica/etta-james/at-last.html	25	25	71.7	0.8333333333333334	0.6	0.0
/musica/fagner/noturno.html	25	22	327.46153846153845	0.42857142857142855	0.48	0.0
/musica/fernanda-brum/voce-merece.html	25	22	92.4375	0.6	0.36	0.0
/musica/fernando-e-sorocaba/ah-como-eu-amo-voce.html	25	22	75.23076923076923	0.7	0.48	0.0
/musica/fernando-e-sorocaba/vitimas-do-amor.html	25	24	96.0	0.6363636363636364	0.48	0.0
/musica/frank-sinatra/my-way.html	25	23	249.25	0.375	0.36	0.0
/musica/katy-perry/i-kissed-a-girl.html	25	22	291.8235294117647	0.0	0.32	0.0
/musica/milionario-e-jose-rico/o-ultimo-julgamento.html	25	22	245.64285714285714	0.45454545454545453	0.44	0.0
/musica/nando-reis/relicario.html	25	22	279.6666666666667	0.6	0.4	0.0
/musica/rihanna/take-a-bow.html	25	22	160.125	0.5714285714285714	0.36	0.0
/musica/roupa-nova/anjo.html	25	21	132.1764705882353	0.6666666666666666	0.32	0.0
/musica/shirley-carvalhaes/cenario-de-vitoria.html	25	19	134.72727272727272	0.6875	0.56	0.0
/musica/tim-maia/azul-da-cor-do-mar.html	25	20	131.33333333333334	0.8	0.52	0.0
/musica/victor-leo/amigo-apaixonado.html	25	24	189.0	0.7	0.48	0.0
/musica/victor-leo/fotos.html	25	21	104.875	0.8571428571428571	0.36	0.0
/musica/victor-leo/timidez.html	25	20	242.8235294117647	0.5	0.32	0.0
/artista/backstreet-boys.html	24	11	95.57894736842105	0.75	0.20833333333333334	0.0
/artista/christina-aguilera.html	24	10	51.44444444444444	0.0	0.25	0.0
/artista/coldplay.html	24	8	23.272727272727273	0.0	0.08333333333333333	0.0
/artista/frank-sinatra.html	24	12	25.157894736842106	0.0	0.20833333333333334	0.0
/artista/lady-antebellum.html	24	11	19.541666666666668	0.0	0.0	0.0
/artista/vasco-rossi.html	24	6	7.875	0.0	0.0	0.0
/artista/zeca-baleiro.html	24	8	31.545454545454547	0.0	0.08333333333333333	0.0
/busca?q=bruno+e+marrone	24	18	46.125	0.4166666666666667	0.3333333333333333	0.0
/musica/amado-batista/princesa.html	24	19	279.6666666666667	0.3333333333333333	0.375	0.0
/musica/amado-batista/quem-e-voce.html	24	18	123.93333333333334	0.5384615384615384	0.375	0.0
/musica/amy-winehouse/rehab-traducao.html	24	23	119.6875	0.0	0.3333333333333333	0.0
/musica/ana-carolina/confesso.html	24	24	145.5	0.9090909090909091	0.6666666666666666	0.0
/musica/andre-valadao/pela-fe.html	24	20	233.71428571428572	0.5333333333333333	0.4166666666666667	0.0
/musica/belo/invencivel.html	24	21	233.0	0.36363636363636365	0.25	0.0
/musica/cine/as-cores.html	24	24	242.8	0.9375	0.7916666666666666	0.0
/musica/detonautas-roque-clube/o-retorno-de-saturno.html	24	22	431.0833333333333	0.5625	0.5	0.0
/musica/eduardo-costa/cachaceiro.html	24	22	153.71428571428572	0.6666666666666666	0.4166666666666667	0.0
/musica/engenheiros-do-hawaii/piano-bar.html	24	20	380.46153846153845	0.42857142857142855	0.4583333333333333	0.0
/musica/exaltasamba/calma-amor.html	24	24	224.36363636363637	0.7272727272727273	0.5416666666666666	0.0
/musica/exaltasamba/eu-nao-consigo-sem-voce.html	24	22	80.38461538461539	0.6666666666666666	0.4583333333333333	0.0
/musica/fernanda-brum/te-amaria-outra-vez.html	24	21	150.125	0.625	0.3333333333333333	0.0
/musica/fernando-e-sorocaba/vendaval.html	24	22	168.3684210526316	0.5	0.20833333333333334	0.0
/musica/jeito-moleque/amizade-e-tudo.html	24	22	79.33333333333333	0.9166666666666666	0.875	0.0
/musica/john-mayer/heartbreak-warfare.html	24	17	94.9	0.625	0.5833333333333334	0.0
/musica/jorge-e-mateus/saudade.html	24	21	160.88235294117646	0.2857142857142857	0.2916666666666667	0.0
/musica/jorge-e-mateus/se-eu-pedir-ce-volta.html	24	24	202.0	0.6666666666666666	0.4166666666666667	0.0
/musica/natiruts/sorri-sou-rei.html	24	22	567.9	0.8333333333333334	0.5833333333333334	0.0
/musica/paula-fernandes/espaco-sideral.html	24	24	148.46153846153845	0.9	0.4583333333333333	0.0
/musica/pitty/na-sua-estante.html	24	24	336.54545454545456	0.6363636363636364	0.5416666666666666	0.0
/musica/regis-danese/o-meu-deus-e-forte.html	24	19	165.13333333333333	0.46153846153846156	0.375	0.0
/musica/sorriso-maroto/me-espera.html	24	22	223.2	0.6	0.5833333333333334	0.0
/musica/the-eagles/hotel-california.html	24	17	176.8181818181818	0.5714285714285714	0.5416666666666666	0.0
/musica/whitney-houston/i-will-always-love-you.html	24	23	322.85714285714283	0.5	0.4166666666666667	0.0
/artista/fernanda-brum.html	23	11	120.25	0.0	0.13043478260869565	0.0