/musica/fernando-e-sorocaba/madri.html	1372	1121	143.0097719869707	0.6199575371549894	0.5524781341107872	0.0
/musica/paula-fernandes/passaro-de-fogo.html	1323	1074	198.82670906200318	0.6193467336683417	0.5245653817082389	0.0
/letra/a.html	839	645	87.31935483870967	0.3073770491803279	0.26102502979737785	0.0
/letra/m.html	769	557	109.54838709677419	0.314410480349345	0.2743823146944083	0.0
/letra/b.html	724	569	100.34482758620689	0.33191489361702126	0.27900552486187846	0.0
/letra/r.html	654	497	97.82142857142857	0.19	0.18654434250764526	0.0
/letra/j.html	600	440	76.24898785425101	0.11695906432748537	0.17666666666666667	0.0
/artista/jorge-e-mateus.html	556	300	74.53362255965293	0.21238938053097345	0.17086330935251798	0.0
/musica/ke$ha/your-love-is-my-drug.html	537	482	110.39408866995073	0.7016574585635359	0.6219739292364991	0.0
/musica/edward-maya/stereo-love-feat-maya.html	535	455	170.43534482758622	0.6794871794871795	0.5663551401869159	0.0
/letra/e.html	512	377	89.0	0.15602836879432624	0.1640625	0.0
/letra/c.html	508	390	104.16839378238342	0.19858156028368795	0.24015748031496062	0.0
/musica/justin-bieber/baby.html	485	398	181.1767441860465	0.6460481099656358	0.5567010309278351	0.0
/artista/paula-fernandes.html	450	202	43.95465393794749	0.1	0.06888888888888889	0.0
/artista/aerosmith.html	445	52	130.05938242280286	0.3333333333333333	0.05393258426966292	0.0
/letra/s.html	440	331	124.1182108626198	0.3081761006289308	0.28863636363636364	0.0
/letra/l.html	439	358	88.61180124223603	0.2777777777777778	0.26651480637813213	0.0
/letra/p.html	409	312	79.47133757961784	0.1864406779661017	0.23227383863080683	0.0
/artista/fernando-e-sorocaba.html	406	253	32.64985163204748	0.3076923076923077	0.16995073891625614	0.0
/artista/katy-perry.html	398	258	71.97916666666667	0.2054794520547945	0.27638190954773867	0.0
/musica/luan-santana/meteoro.html	392	334	132.2316384180791	0.6413502109704642	0.548469387755102	0.0
/artista/zeze-di-camargo-e-luciano.html	371	84	40.18550724637681	1.0	0.07008086253369272	0.0
/letra/t.html	356	286	98.90494296577947	0.27722772277227725	0.2612359550561798	0.0
/artista/bruno-e-marrone.html	345	144	46.92079207920792	0.375	0.12173913043478261	0.0
/letra/f.html	331	269	81.03488372093024	0.2692307692307692	0.22054380664652568	0.0
/artista/lady-gaga.html	329	155	39.610921501706486	0.15942028985507245	0.1094224924012158	0.0
/musica/aerosmith/aint-enough.html	311	34	221.46180555555554	0.23809523809523808	0.07395498392282958	0.0
/artista/beyonce.html	303	152	57.15298507462686	0.12280701754385964	0.11551155115511551	0.0
/letra/d.html	292	222	85.46875	0.2631578947368421	0.2328767123287671	0.0
/musica/lady-gaga/alejandro.html	283	238	226.21917808219177	0.5983606557377049	0.4840989399293286	0.0
/musica/roberto-carlos/a-mulher-que-eu-amo.html	280	230	132.90666666666667	0.6810344827586207	0.4642857142857143	0.0
/letra/g.html	274	214	132.62037037037038	0.23333333333333334	0.2116788321167883	0.0
/musica/victor-leo/borboletas.html	274	221	170.05555555555554	0.5298507462686567	0.40875912408759124	0.0
/artista/black-eyed-peas.html	272	197	62.4228855721393	0.3116883116883117	0.2610294117647059	0.0
/musica/paula-fernandes/chuva-chover.html	259	220	145.1044776119403	0.6408450704225352	0.4826254826254826	0.0
/artista/victor-leo.html	258	147	36.267857142857146	0.6666666666666666	0.13178294573643412	0.0
/musica/paula-fernandes/meu-eu-em-voce.html	258	218	214.25503355704697	0.5714285714285714	0.42248062015503873	0.0
/musica/beyonce-featuring-jay-z/halo.html	246	211	239.60655737704917	0.5899280575539568	0.5040650406504065	0.0
/musica/lady-gaga/bad-romance.html	237	199	266.1666666666667	0.5775862068965517	0.46835443037974683	0.0
/letra/n.html	227	177	87.04046242774567	0.23529411764705882	0.23788546255506607	0.0
/musica/paula-fernandes/quero-sim.html	213	200	253.30769230769232	0.7739130434782608	0.5727699530516432	0.0
/musica/victor-leo/ao-vivo-e-em-cores.html	191	164	163.66	0.6666666666666666	0.47643979057591623	0.0
/artista/ana-carolina.html	187	79	53.036144578313255	0.0	0.11229946524064172	0.0
/letra/k.html	187	133	65.81645569620254	0.09615384615384616	0.15508021390374332	0.0
/artista/nando-reis.html	185	26	21.385474860335197	0.0	0.032432432432432434	0.0
/artista/roberto-carlos.html	182	75	57.91017964071856	0.0	0.08241758241758242	0.0
/artista/milionario-e-jose-rico.html	175	21	26.988235294117647	0.0	0.02857142857142857	0.0
/musica/black-eyed-peas/i-gotta-feeling.html	172	147	290.2307692307692	0.6097560975609756	0.47093023255813954	0.0
/artista/luan-santana.html	167	105	44.2962962962963	0.42105263157894735	0.19161676646706588	0.0
/artista/justin-bieber.html	164	93	41.49655172413793	0.03125	0.11585365853658537	0.0
/musica/frank-sinatra/my-way.html	161	134	299.7125	0.5344827586206896	0.5031055900621118	0.0
/musica/mariah-carey/i-want-to-know-what-love-is.html	161	137	256.2087912087912	0.5222222222222223	0.43478260869565216	0.0
/letra/i.html	160	130	63.116279069767444	0.17777777777777778	0.19375	0.0
/artista/u2.html	159	46	44.63636363636363	0.0	0.031446540880503145	0.0
/musica/bruno-e-marrone/pra-nao-morrer-de-amor.html	155	130	140.76388888888889	0.6739130434782609	0.535483870967742	0.0
/musica/guilherme-e-santiago/e-dai.html	155	129	159.9857142857143	0.7435897435897436	0.5483870967741935	0.0
/top/musicas.html	154	79	42.223076923076924	0.46153846153846156	0.15584415584415584	0.0
/musica/paula-fernandes/sem-voce.html	151	124	194.6078431372549	0.52	0.32450331125827814	0.0
/artista/leandro-leonardo.html	148	9	19.602739726027398	0.5	0.013513513513513514	0.0
/letra/v.html	147	114	78.97368421052632	0.2826086956521739	0.22448979591836735	0.0
/musica/lady-gaga/paparazzi.html	144	122	248.3	0.5975609756097561	0.5138888888888888	0.0
/musica/victor-leo/deus-e-eu-no-sertao.html	140	103	230.4418604651163	0.5084745762711864	0.38571428571428573	0.0
/artista/joao-mineiro-e-marciano.html	138	3	14.768115942028986	0.0	0.0	0.0
/musica/restart/levo-comigo.html	137	121	208.57142857142858	0.6557377049180327	0.48905109489051096	0.0
/artista/paramore.html	135	87	52.68041237113402	0.3888888888888889	0.2814814814814815	0.0
/musica/joao-bosco-e-vinicius/chorame-liga.html	134	115	183.8904109589041	0.6619718309859155	0.4552238805970149	0.0
/artista/eduardo-costa.html	133	65	51.28813559322034	0.25	0.11278195488721804	0.0
/musica/pitty/so-agora.html	130	123	301.0	0.8365384615384616	0.7769230769230769	0.0
/musica/paula-fernandes/complicado-demais.html	129	111	250.21176470588236	0.41509433962264153	0.34108527131782945	0.0
/artista/gian-e-giovani.html	126	7	25.376	0.0	0.007936507936507936	0.0
/artista/edward-maya.html	125	95	37.63106796116505	0.13513513513513514	0.176	0.0
/musica/fernando-e-sorocaba/paga-pau.html	124	109	202.6949152542373	0.6984126984126984	0.5241935483870968	0.0
/letra/z.html	120	84	55.01801801801802	0.030303030303030304	0.075	0.0
/artista/exaltasamba.html	119	54	90.95098039215686	1.0	0.14285714285714285	0.0
/musica/luan-santana/sempre-com-voce.html	118	103	165.16176470588235	0.5138888888888888	0.423728813559322	0.0
/musica/eduardo-costa/a-carta.html	116	97	164.18965517241378	0.6349206349206349	0.5	0.0
/musica/sorriso-maroto/sinais.html	116	93	228.70833333333334	0.390625	0.3793103448275862	0.0
/musica/regis-danese/faz-um-milagre-em-mim.html	114	90	237.2941176470588	0.6779661016949152	0.5526315789473685	0.0
/musica/justin-bieber/one-time.html	112	94	194.38297872340425	0.640625	0.5803571428571429	0.0
/musica/rihanna/te-amo.html	110	94	225.3050847457627	0.5517241379310345	0.4636363636363636	0.0
/musica/paula-fernandes/jeito-de-mato.html	109	93	265.8867924528302	0.625	0.5137614678899083	0.0
/musica/fernando-e-sorocaba/bala-de-prata.html	108	98	88.74358974358974	0.7012987012987013	0.6388888888888888	0.0
/musica/train/hey-soul-sister.html	103	93	341.4516129032258	0.7808219178082192	0.6990291262135923	0.0
/letra/h.html	101	87	58.07142857142857	0.1724137931034483	0.16831683168316833	0.0
/musica/paula-fernandes/sede-de-amor.html	101	87	177.0151515151515	0.5	0.3465346534653465	0.0
/musica/victor-leo/estrela-cadente.html	101	90	113.05357142857143	0.6590909090909091	0.44554455445544555	0.0
/artista/john-lennon.html	99	35	59.189473684210526	0.0	0.04040404040404041	0.0
/letra/o.html	99	79	63.97435897435897	0.08695652173913043	0.21212121212121213	0.0
/musica/exaltasamba/valeu.html	99	78	229.32692307692307	0.5555555555555556	0.47474747474747475	0.0
/artista/michael-jackson.html	98	53	80.24675324675324	0.6923076923076923	0.21428571428571427	0.0
/musica/exaltasamba/fui.html	97	87	263.3333333333333	0.7291666666666666	0.5360824742268041	0.0
/letra/u.html	96	68	58.6	0.10714285714285714	0.11458333333333333	0.0
/letra/w.html	96	67	75.21951219512195	0.17391304347826086	0.14583333333333334	0.0
/musica/victor-leo/tem-que-ser-voce.html	94	79	189.45283018867926	0.6857142857142857	0.43617021276595747	0.0
/artista/the-beatles.html	91	22	45.566265060240966	0.5	0.08791208791208792	0.0
/musica/luan-santana/to-de-cara.html	91	81	168.3673469387755	0.5892857142857143	0.46153846153846156	0.0
/musica/beyonce-featuring-jay-z/single-ladies-(put-a-ring-on-it).html	90	82	177.83333333333334	0.7659574468085106	0.6	0.0
/musica/eduardo-costa/feito-tatuagem.html	90	77	145.77777777777777	0.7209302325581395	0.5	0.0
/musica/paula-fernandes/cheiro-de-relva.html	90	69	135.41509433962264	0.5135135135135135	0.4111111111111111	0.0
/musica/eduardo-costa/nao-valeu-pra-voce.html	87	64	232.5	0.7058823529411765	0.5402298850574713	0.0
/artista/belo.html	85	16	47.1875	0.0	0.058823529411764705	0.0
/artista/michel-telo.html	85	46	48.97014925373134	0.2	0.21176470588235294	0.0
/artista/sorriso-maroto.html	85	34	47.22077922077922	0.0	0.09411764705882353	0.0
/musica/victor-leo/fada.html	85	80	215.88888888888889	0.6458333333333334	0.5764705882352941	0.0
/musica/luan-santana/chocolate.html	84	74	193.61111111111111	0.7380952380952381	0.5714285714285714	0.0
/artista/avril-lavigne.html	82	50	60.87931034482759	0.4864864864864865	0.2926829268292683	0.0
/musica/fernando-e-sorocaba/da-cor-do-pecado.html	82	72	159.3939393939394	0.717948717948718	0.5975609756097561	0.0
/musica/shakira/gipsy.html	82	75	117.12244897959184	0.4473684210526316	0.4024390243902439	0.0
/musica/john-lennon/imagine.html	81	69	306.1304347826087	0.47619047619047616	0.43209876543209874	0.0
/musica/beyonce-featuring-jay-z/if-i-were-a-boy.html	80	65	241.17073170731706	0.5526315789473685	0.4875	0.0
/musica/luan-santana/jogo-do-amor.html	80	67	291.90909090909093	0.7027027027027027	0.45	0.0
/musica/shakira/estoy-aqui.html	80	64	349.0	0.43243243243243246	0.3625	0.0
/artista/alanis-morissette.html	78	12	29.615384615384617	0.0	0.0	0.0
/musica/black-eyed-peas/meet-me-halfway.html	78	67	242.3783783783784	0.6346153846153846	0.5256410256410257	0.0
/musica/jorge-e-mateus/vou-fazer-pirraca.html	78	70	224.26829268292684	0.6111111111111112	0.47435897435897434	0.0
/musica/beyonce/sweet-dreams.html	77	71	253.58333333333334	0.6046511627906976	0.5324675324675324	0.0
/artista/renato-russo.html	76	10	30.364864864864863	0.0	0.02631578947368421	0.0
/artista/racionais-mcs.html	75	24	41.59154929577465	1.0	0.05333333333333334	0.0
/musica/janaynna-targino/sacanagem-tua.html	75	69	223.72727272727272	0.5952380952380952	0.41333333333333333	0.0
/musica/miley-cyrus/one-in-a-million.html	75	64	75.11538461538461	0.34210526315789475	0.30666666666666664	0.0
/musica/eduardo-costa/quem-foi-que-disse.html	74	64	263.75	0.7777777777777778	0.6216216216216216	0.0
/musica/nando-reis/pra-voce-guardei-o-amor.html	74	67	317.46875	0.6888888888888889	0.5675675675675675	0.0
/musica/beyonce-featuring-jay-z/baby-boy.html	73	64	165.0909090909091	0.7407407407407407	0.6986301369863014	0.0
/artista/pink-floyd.html	72	24	73.79411764705883	0.0	0.05555555555555555	0.0
/musica/exaltasamba/gamei.html	72	62	116.52	0.76	0.6527777777777778	0.0
/musica/beyonce-e-marc-nelson/crazy-in-love.html	71	62	333.5	0.5853658536585366	0.49295774647887325	0.0
/musica/lady-gaga/telephone-feat-beyonce.html	71	66	198.96875	0.6666666666666666	0.5492957746478874	0.0
/artista/restart.html	70	44	50.75438596491228	0.3333333333333333	0.18571428571428572	0.0
/musica/jorge-e-mateus/voa-beija-flor.html	70	61	171.58620689655172	0.6976744186046512	0.5857142857142857	0.0
/musica/paula-fernandes/vai.html	70	61	170.81578947368422	0.6666666666666666	0.45714285714285713	0.0
/artista/shakira.html	69	47	66.65	0.0	0.13043478260869565	0.0
/musica/restart/recomecar.html	69	63	83.12903225806451	0.65	0.5507246376811594	0.0
/top/artistas.html	69	50	63.38333333333333	0.0	0.13043478260869565	0.0
/artista/ivete-sangalo.html	68	41	40.22222222222222	0.5	0.20588235294117646	0.0
/musica/aline-barros/sonda-me-usa-me.html	68	54	310.57575757575756	0.6190476190476191	0.5147058823529411	0.0
/musica/frank-sinatra/theme-from-new-york-new-york.html	67	51	152.21428571428572	0.48148148148148145	0.373134328358209	0.0
/musica/celine-dion/my-heart-will-go-on.html	66	55	251.28947368421052	0.4489795918367347	0.42424242424242425	0.0
/musica/milionario-e-jose-rico/solidao.html	66	52	103.0	0.6	0.5454545454545454	0.0
/musica/grupo-revelacao/ta-escrito.html	65	51	305.3103448275862	0.6944444444444444	0.5538461538461539	0.0
/musica/ke$ha/tik-tok.html	65	55	210.68965517241378	0.6857142857142857	0.5538461538461539	0.0
/musica/ana-carolina/entreolhares.html	64	54	319.2962962962963	0.6388888888888888	0.578125	0.0
/artista/ke$ha.html	63	44	24.38	0.6666666666666666	0.20634920634920634	0.0
/musica/sorriso-maroto/futuro-prometido.html	63	56	153.20689655172413	0.6666666666666666	0.5396825396825397	0.0
/musica/charlie-brown-jr/so-os-loucos-sabem.html	62	53	293.9642857142857	0.6216216216216216	0.5483870967741935	0.0
/artista/capital-inicial.html	61	13	71.5	0.0	0.01639344262295082	0.0
/artista/pixote.html	61	8	53.08196721311475	0.0	0.0	0.0
/artista/rihanna.html	61	43	52.955555555555556	0.3333333333333333	0.26229508196721313	0.0
/musica/rita-lee/tititi.html	61	47	141.875	0.65	0.6065573770491803	0.0
/musica/toquinho/aquarela.html	61	27	43.23913043478261	0.3076923076923077	0.2459016393442623	0.0
/musica/isa-tkm/sigo-al-corazon.html	60	51	209.75	0.5111111111111111	0.4666666666666667	0.0
/artista/a-barca.html	59	3	20.28813559322034	0.0	0.0	0.0
/artista/celine-dion.html	59	17	46.666666666666664	0.0	0.03389830508474576	0.0
/artista/jason-mraz.html	59	20	41.44444444444444	0.0	0.0847457627118644	0.0
/musica/claudia-leitte/as-mascaras.html	59	51	157.84615384615384	0.6153846153846154	0.559322033898305	0.0
/musica/miley-cyrus/party-in-the-usa.html	59	52	224.68965517241378	0.5757575757575758	0.5084745762711864	0.0
/musica/paula-fernandes/pra-que-inventaram-o-amor.html	59	54	294.09090909090907	0.5333333333333333	0.4406779661016949	0.0
/musica/ze-henrique-e-gabriel/o-que-combina-comigo-e-voce.html	59	52	187.16666666666666	0.6956521739130435	0.5932203389830508	0.0
/artista/claudia-leitte.html	58	23	41.42857142857143	0.0	0.15517241379310345	0.0
/busca?q=exaltasamba	58	40	100.8	0.3076923076923077	0.22413793103448276	0.0
/musica/marcos-e-belutti/perdoa-amor.html	58	53	220.86666666666667	0.6111111111111112	0.4827586206896552	0.0
/musica/eduardo-costa/sou-seu-fa-n-1.html	57	41	78.4	0.6129032258064516	0.47368421052631576	0.0
/musica/luan-santana/minha-boca-voce-nao-beija-mais.html	57	47	303.23333333333335	0.64	0.47368421052631576	0.0
/musica/rihanna/rude-boy.html	57	53	129.55555555555554	0.6486486486486487	0.5263157894736842	0.0
/musica/teen-angels/hay-un-lugar.html	57	45	241.96875	0.4642857142857143	0.43859649122807015	0.0
/musica/victor-leo/nao-mais.html	57	52	153.43243243243242	0.5714285714285714	0.3508771929824561	0.0
/musica/jorge-e-mateus/espelho.html	56	51	163.31428571428572	0.5833333333333334	0.375	0.0
/artista/whitney-houston.html	55	13	37.07272727272727	0.0	0.0	0.0
/musica/abba/dancing-queen.html	55	49	246.25	0.6538461538461539	0.4909090909090909	0.0
/musica/paula-fernandes/danca-menina.html	55	50	208.35294117647058	0.5217391304347826	0.38181818181818183	0.0
/musica/vanessa-da-mata/amado.html	55	49	298.35483870967744	0.5	0.43636363636363634	0.0
/musica/victor-leo/voce-sabia.html	55	51	220.46428571428572	0.6333333333333333	0.4909090909090909	0.0
/musica/jamily/conquistando-o-impossivel.html	54	37	397.0	0.47619047619047616	0.46296296296296297	0.0
/musica/justin-bieber/never-let-you-go.html	53	42	116.23809523809524	0.6060606060606061	0.6037735849056604	0.0
/musica/parangole/rebolation.html	53	40	101.05555555555556	0.7941176470588235	0.660377358490566	0.0
/artista/exaltasamba-musicas.html	52	43	65.88888888888889	0.0	0.3076923076923077	0.0
/musica/adriana-calcanhotto/gatinha-manhosa.html	52	41	176.33333333333334	0.53125	0.36538461538461536	0.0
/musica/beyonce/irreplaceable.html	52	45	266.46153846153845	0.64	0.5	0.0
/musica/luan-santana/aqui-e-o-seu-lugar.html	52	48	259.72	0.65625	0.5192307692307693	0.0
/musica/luan-santana/voce-do-meu-lado.html	52	45	131.25806451612902	0.6	0.40384615384615385	0.0
/musica/padre-marcelo-rossi/anjos-de-resgate.html	52	44	179.4	0.6129032258064516	0.5192307692307693	0.0
/artista/jonas-brothers.html	51	15	27.78723404255319	0.0	0.0784313725490196	0.0
/artista/roupa-nova.html	51	15	62.857142857142854	0.0	0.0392156862745098	0.0
/musica/adriana-calcanhoto/mais-feliz.html	51	46	308.0416666666667	0.5833333333333334	0.5294117647058824	0.0
/musica/bruno-e-marrone/amor-nao-vai-faltar.html	51	42	212.76923076923077	0.5789473684210527	0.49019607843137253	0.0
/musica/bruno-e-marrone/nao-tente-me-impedir.html	51	44	409.37931034482756	0.5555555555555556	0.43137254901960786	0.0
/musica/celine-dion/to-love-you-more.html	51	44	293.10714285714283	0.5555555555555556	0.45098039215686275	0.0
/artista/pitty.html	50	28	67.5	0.0	0.16	0.0
/musica/amy-winehouse/rehab.html	50	48	270.15384615384613	0.7857142857142857	0.74	0.0
/musica/bruno-e-marrone/te-amo-tanto-(tanto-cara).html	50	21	71.62790697674419	0.42857142857142855	0.14	0.0
/musica/lazaro/deus-vai-fazer.html	50	44	176.24	0.7083333333333334	0.5	0.0
/musica/michael-jackson/human-nature.html	50	42	423.6666666666667	0.7058823529411765	0.64	0.0
/musica/victor-leo/nada-normal.html	50	47	223.0625	0.631578947368421	0.36	0.0
/musica/zeze-di-camargo-e-luciano/tarde-demais.html	50	43	117.92307692307692	0.6923076923076923	0.48	0.0
/musica/ana-carolina/velas-e-vento.html	49	41	102.54166666666667	0.6451612903225806	0.5102040816326531	0.0
/musica/engenheiros-do-hawaii/infinita-highway.html	49	38	319.84615384615387	0.6363636363636364	0.46938775510204084	0.0
/musica/jorge-e-mateus/o-mundo-e-tao-pequeno.html	49	45	214.39285714285714	0.6206896551724138	0.42857142857142855	0.0
/musica/shakira/gypsy.html	49	44	374.94736842105266	0.6785714285714286	0.6122448979591837	0.0
/artista/gilberto-gil.html	48	31	155.60714285714286	0.42857142857142855	0.4166666666666667	0.0
/busca?q=jorge+e+mateus	48	31	83.21052631578948	0.23529411764705882	0.20833333333333334	0.0
/musica/hugo-pena-e-gabriel/to-nem-ai.html	48	47	143.68965517241378	0.55	0.3958333333333333	0.0
/musica/imperio-das-cocotas/perfil-das-recalcadas.html	48	44	511.75	0.9090909090909091	0.9166666666666666	0.0
/musica/jorge-e-mateus/misterios.html	48	32	125.08571428571429	0.9	0.2708333333333333	0.0
/musica/jorge-e-mateus/querendo-te-amar.html	48	42	203.96	0.5769230769230769	0.4791666666666667	0.0
/musica/lazaro/meu-mestre.html	48	40	239.41666666666666	0.5483870967741935	0.5	0.0
/artista/coldplay.html	47	21	46.74418604651163	0.0	0.0851063829787234	0.0
/artista/pearl-jam.html	47	19	72.46341463414635	0.0	0.1276595744680851	0.0
/busca?q=	47	39	97.63333333333334	0.2962962962962963	0.3617021276595745	0.0
/artista/beyonce-featuring-jay-z.html	46	31	30.564102564102566	0.0	0.15217391304347827	0.0
/artista/queen.html	46	19	62.093023255813954	0.0	0.06521739130434782	0.0
/musica/christian-e-cristiano/fa.html	46	38	424.6666666666667	0.7241379310344828	0.6086956521739131	0.0
/musica/jorge-e-mateus/de-tanto-te-querer.html	46	43	259.89285714285717	0.8125	0.391304347826087	0.0
/musica/justin-bieber/love-me.html	46	42	182.26315789473685	0.7037037037037037	0.5869565217391305	0.0
/musica/padre-marcelo-rossi/noites-traicoeiras.html	46	38	214.56	0.6190476190476191	0.45652173913043476	0.0
/musica/rosa-de-saron/sem-voce.html	46	44	295.25	0.6	0.4782608695652174	0.0
/musica/tim-maia/me-de-motivo.html	46	27	159.60714285714286	0.6666666666666666	0.391304347826087	0.0
/artista/duran-duran.html	45	7	14.755555555555556	0.0	0.0	0.0
/artista/nickelback.html	45	8	24.80952380952381	0.0	0.06666666666666667	0.0
/letra/q.html	45	38	37.2972972972973	0.125	0.17777777777777778	0.0
/musica/eduardo-costa/amores-imortais.html	45	42	184.69565217391303	0.5	0.4888888888888889	0.0
/musica/eduardo-costa/exemplo-das-paixoes.html	45	38	336.95454545454544	0.5769230769230769	0.5111111111111111	0.0
/musica/exaltasamba/a-gente-bota-pra-quebrar.html	45	37	214.56666666666666	0.7692307692307693	0.3333333333333333	0.0
/musica/guns-n-roses/patience.html	45	42	262.9130434782609	0.6521739130434783	0.4888888888888889	0.0
/musica/michael-jackson/ben.html	45	34	134.88	0.625	0.4444444444444444	0.0
/musica/milionario-e-jose-rico/vontade-dividida.html	45	33	153.36363636363637	0.5357142857142857	0.5111111111111111	0.0
/artista/black-label-society.html	44	18	34.69444444444444	0.4	0.18181818181818182	0.0
/artista/eric-clapton.html	44	7	33.23809523809524	0.0	0.045454545454545456	0.0
/musica/bruno-e-marrone/sou-eu.html	44	34	160.0625	0.5454545454545454	0.2727272727272727	0.0
/musica/luan-santana/sinais.html	44	42	205.61904761904762	0.5789473684210527	0.5227272727272727	0.0
/musica/raca-negra/o-que-e-que-eu-faco.html	44	35	191.91666666666666	0.5714285714285714	0.45454545454545453	0.0
/musica/sorriso-maroto/eu-vacilei.html	44	39	234.75	0.8387096774193549	0.7272727272727273	0.0
/artista/bon-jovi.html	43	26	62.15384615384615	0.0	0.09302325581395349	0.0
/artista/chitaozinho-e-xororo.html	43	8	35.48780487804878	0.0	0.046511627906976744	0.0
/musica/belo/tudo-no-lugar.html	43	37	46.958333333333336	0.52	0.4418604651162791	0.0
/musica/charlie-brown-jr/dona-do-meu-pensamento.html	43	42	192.27272727272728	0.5294117647058824	0.4883720930232558	0.0
/musica/grupo-excitasamba/velocidade-da-luz.html	43	31	224.38888888888889	0.5	0.5813953488372093	0.0
/musica/guns-n-roses/sweet-child-o-mine.html	43	40	216.3181818181818	0.65	0.4883720930232558	0.0
/musica/jorge-e-mateus/onde-haja-sol.html	43	39	257.85	0.8333333333333334	0.5348837209302325	0.0
/musica/kool-e-the-gang/celebration.html	43	38	319.03846153846155	0.4375	0.3953488372093023	0.0
/musica/nxzero/so-rezo.html	43	36	229.08333333333334	0.46153846153846156	0.4418604651162791	0.0
/musica/pearl-jam/black.html	43	33	320.36	0.55	0.4186046511627907	0.0
/musica/pitty/me-adora.html	43	39	285.95652173913044	0.5416666666666666	0.46511627906976744	0.0
/musica/raca-negra/cheia-de-manias.html	43	33	199.6315789473684	0.7619047619047619	0.5581395348837209	0.0
/musica/shakira/she-wolf.html	43	39	202.45833333333334	0.65	0.4418604651162791	0.0
/musica/teen-angels/a-ver-si-pueden.html	43	37	177.0	0.48	0.3488372093023256	0.0
/musica/u2/one.html	43	36	256.1363636363636	0.6666666666666666	0.4883720930232558	0.0
/musica/victor-leo/sinto-falta-de-voce.html	43	34	191.03703703703704	0.6666666666666666	0.37209302325581395	0.0
/musica/zeze-di-camargo-e-luciano/eu-e-meu-pai.html	43	38	213.0	0.6764705882352942	0.6511627906976745	0.0
/artista/a-ha.html	42	7	43.707317073170735	0.0	0.023809523809523808	0.0
/artista/elvis-presley.html	42	24	137.07894736842104	0.0	0.09523809523809523	0.0
/musica/beyonce-featuring-jay-z/broken-hearted-girl.html	42	39	418.4583333333333	0.5555555555555556	0.42857142857142855	0.0
/musica/eduardo-costa/eu-aposto.html	42	36	379.8636363636364	0.5652173913043478	0.47619047619047616	0.0
/musica/fernando-e-sorocaba/vem-ficar-do-meu-lado.html	42	40	137.66666666666666	0.6	0.5	0.0
/musica/frank-sinatra/strangers-in-the-night.html	42	29	186.31034482758622	0.8888888888888888	0.30952380952380953	0.0
/musica/jorge-e-mateus/um-dia-te-levo-comigo.html	42	36	264.3703703703704	0.375	0.35714285714285715	0.0
/musica/paula-fernandes/espaco-sideral.html	42	35	246.4	0.7058823529411765	0.40476190476190477	0.0
/musica/shakira/ciega-sordomuda.html	42	38	303.26666666666665	0.71875	0.6428571428571429	0.0
/artista/raca-negra.html	41	18	43.256410256410255	0.0	0.04878048780487805	0.0
/musica/avioes-do-forro/jeito-de-amar.html	41	34	65.0	0.78125	0.6829268292682927	0.0
/musica/belo/reiventar.html	41	35	271.22222222222223	0.64	0.5609756097560976	0.0
/musica/cesar-menotti-e-fabiano/caso-por-acaso.html	41	36	259.5	0.5882352941176471	0.4146341463414634	0.0
/musica/sorriso-maroto/ainda-existe-amor-em-nos.html	41	33	214.95	0.7142857142857143	0.5121951219512195	0.0
/musica/black-eyed-peas/dont-phunk-with-my-heart.html	40	36	88.35714285714286	0.6666666666666666	0.65	0.0
/musica/bruno-e-marrone/pode-ir-embora.html	40	36	314.52	0.5555555555555556	0.375	0.0
/musica/celine-dion/because-you-loved-me.html	40	38	376.0416666666667	0.5555555555555556	0.4	0.0
/musica/luan-santana/somos-apenas-um.html	40	36	209.0952380952381	0.6842105263157895	0.475	0.0
/musica/nirvana/come-as-you-are.html	40	34	258.625	0.7222222222222222	0.4	0.0
/musica/oasis/wonderwall.html	40	37	348.0952380952381	0.5454545454545454	0.475	0.0
/musica/pitty/na-sua-estante.html	40	32	355.7391304347826	0.5	0.425	0.0
/musica/teen-angels/nena.html	40	35	209.66666666666666	0.7272727272727273	0.55	0.0
/artista/jamiroquai.html	39	2	16.710526315789473	0.0	0.02564102564102564	0.0
/musica/ana-carolina/garganta.html	39	32	211.68421052631578	0.5789473684210527	0.5128205128205128	0.0
/musica/beyonce-featuring-jay-z/deja-vu.html	39	31	96.3157894736842	0.6875	0.5128205128205128	0.0
/musica/fabio-jr/pai.html	39	37	474.0	0.8214285714285714	0.717948717948718	0.0
/musica/joao-carreiro-e-capataz/faculdade-da-pinga.html	39	37	166.72222222222223	0.6153846153846154	0.5384615384615384	0.0
/musica/lady-gaga/poker-face.html	39	39	273.1333333333333	0.9523809523809523	0.6153846153846154	0.0
/musica/raca-negra/boa-sorte.html	39	33	164.32142857142858	0.44	0.28205128205128205	0.0
/musica/tim-maia/azul-da-cor-do-mar.html	39	32	127.9047619047619	0.5263157894736842	0.46153846153846156	0.0
/musica/tim-maia/voce.html	39	25	149.88888888888889	0.46153846153846156	0.3076923076923077	0.0
/artista/maria-cecilia-e-rodolfo.html	38	9	49.84375	1.0	0.15789473684210525	0.0
/artista/papas-da-lingua.html	38	9	73.83333333333333	0.0	0.05263157894736842	0.0
/musica/bruna-karla/que-bom-que-voce-chegou.html	38	26	84.66666666666667	0.5555555555555556	0.3684210526315789	0.0
/musica/djavan/oceano.html	38	32	151.77272727272728	0.5294117647058824	0.42105263157894735	0.0
/musica/thales-e-thiago/ja-tem-outra-em-seu-lugar.html	38	36	287.04	0.6	0.34210526315789475	0.0
/musica/victor-leo/fotos.html	38	26	182.27272727272728	0.7777777777777778	0.42105263157894735	0.0
/artista/amy-winehouse.html	37	22	21.35483870967742	0.3	0.16216216216216217	0.0
/artista/backstreet-boys.html	37	21	132.57575757575756	0.5	0.10810810810810811	0.0
/artista/teodoro-e-samapaio.html	37	2	44.5	0.0	0.02702702702702703	0.0
/musica/aline-barros-e-cia/pula-pula.html	37	32	89.77777777777777	0.7333333333333333	0.7567567567567568	0.0
/musica/claudia-leitte/beijar-na-boca.html	37	32	161.66666666666666	0.625	0.5945945945945946	0.0
/musica/edson-e-hudson/meu-anjo.html	37	33	154.8181818181818	0.7058823529411765	0.40540540540540543	0.0
/musica/eduardo-costa/cachaceiro.html	37	32	174.05555555555554	0.631578947368421	0.5135135135135135	0.0
/musica/grupo-revelacao/coracao-blindado.html	37	28	109.52380952380952	0.6	0.43243243243243246	0.0
/musica/lady-gaga/just-dance.html	37	35	231.77777777777777	0.6666666666666666	0.5135135135135135	0.0
/musica/leo-magalhaes/porto-seguro.html	37	35	153.85714285714286	0.631578947368421	0.43243243243243246	0.0
/musica/maria-cecilia-e-rodolfo/se-vira.html	37	31	96.1	0.8148148148148148	0.7297297297297297	0.0
/musica/michael-jackson/wanna-be-startin-somethin.html	37	31	161.6	0.5925925925925926	0.5945945945945946	0.0
/musica/teen-angels/un-paso.html	37	27	150.4	0.46153846153846156	0.32432432432432434	0.0
/artista/onkelz-boehse.html	36	1	51.05555555555556	0.0	0.0	0.0
/artista/shania-twain.html	36	12	33.35294117647059	0.0	0.05555555555555555	0.0
/musica/exaltasamba/abandonado.html	36	34	219.25	0.47058823529411764	0.3333333333333333	0.0
/musica/frank-sinatra/night-and-day.html	36	25	229.84	0.4	0.3055555555555556	0.0
/musica/guns-n-roses/november-rain.html	36	30	235.57142857142858	0.7857142857142857	0.6111111111111112	0.0
/musica/isa-tkm/para-mi.html	36	31	257.22222222222223	0.55	0.5	0.0
/musica/joao-neto-e-frederico/a-sua-vista.html	36	31	308.4	0.75	0.5833333333333334	0.0
/musica/lazaro/eu-te-amo-tanto.html	36	31	440.63157894736844	0.5882352941176471	0.4722222222222222	0.0
/musica/michael-jackson/thriller.html	36	36	258.09090909090907	0.7037037037037037	0.6944444444444444	0.0
/musica/nxzero/espero-a-minha-vez.html	36	31	276.0	0.6	0.4444444444444444	0.0
/musica/paul-mccartney/let-it-be.html	36	28	195.58333333333334	0.5	0.3333333333333333	0.0
/musica/racionais-mcs/diario-de-um-detento.html	36	29	307.6875	0.6	0.5555555555555556	0.0
/musica/teen-angels/estoy-listo.html	36	35	294.85714285714283	0.8421052631578947	0.6111111111111112	0.0
/musica/victor-leo/vida-boa.html	36	32	194.44444444444446	0.6470588235294118	0.5	0.0
/artista/the-who.html	35	3	18.02857142857143	0.0	0.0	0.0
/busca?q=ana+carolina	35	20	55.407407407407405	0.3333333333333333	0.22857142857142856	0.0
/musica/joao-bosco-e-vinicius/sufoco.html	35	31	101.16666666666667	0.7037037037037037	0.6571428571428571	0.0
/musica/jorge-ben-jor/a-banda-do-ze-pretinho.html	35	31	136.85714285714286	0.5333333333333333	0.6	0.0
/musica/raca-negra/dou-a-vida-por-um-beijo.html	35	31	139.76923076923077	0.6428571428571429	0.6285714285714286	0.0
/musica/rihanna/umbrella.html	35	31	309.8	0.6	0.42857142857142855	0.0
/musica/zeze-di-camargo-e-luciano/diz-pro-meu-olhar.html	35	29	160.27777777777777	0.5789473684210527	0.4857142857142857	0.0
/musica/zeze-di-camargo-e-luciano/sem-voce.html	35	30	132.57692307692307	0.2631578947368421	0.2571428571428571	0.0
/artista/maria-bethania.html	34	9	70.15625	0.0	0.058823529411764705	0.0
/artista/tim-maia.html	34	14	39.75757575757576	0.0	0.029411764705882353	0.0
/musica/banda-nechivile/perdoa.html	34	25	144.125	0.5	0.5294117647058824	0.0
/musica/claudia-leitte/pensando-em-voce.html	34	28	187.8235294117647	0.6666666666666666	0.5	0.0
/musica/cleiton-e-huggo/me-de-um-sinal.html	34	33	108.63157894736842	0.8	0.4411764705882353	0.0
/musica/exaltasamba/ate-o-sol-quis-ver.html	34	30	203.85	0.5714285714285714	0.4117647058823529	0.0
/musica/paula-fernandes/debaixo-do-cacho.html	34	32	133.2	0.6923076923076923	0.4117647058823529	0.0
/musica/teen-angels/nenes-bien.html	34	29	164.23809523809524	0.2631578947368421	0.38235294117647056	0.0
/artista/14-bis.html	33	3	14.090909090909092	0.0	0.0	0.0
/artista/legiao-urbana.html	33	15	56.60606060606061	0.0	0.0	0.0
/artista/raul-seixas.html	33	20	64.7	0.5	0.09090909090909091	0.0
/letra/0.html	33	28	40.08	0.16666666666666666	0.24242424242424243	0.0
/musica/abba/fernando.html	33	28	145.78947368421052	0.6666666666666666	0.42424242424242425	0.0
/musica/beyonce/diva.html	33	29	234.0	0.6111111111111112	0.48484848484848486	0.0
/musica/bon-jovi/its-my-life.html	33	28	319.75	0.7272727272727273	0.3939393939393939	0.0
/musica/cesar-menotti-e-fabiano/ciumenta.html	33	31	288.57142857142856	0.7333333333333333	0.5757575757575758	0.0
/musica/cine/as-cores.html	33	29	147.55555555555554	0.7368421052631579	0.7272727272727273	0.0
/musica/jose-augusto/chuvas-de-verao.html	33	21	178.64705882352942	0.6	0.48484848484848486	0.0
/musica/paul-mccartney/hey-jude.html	33	29	442.04347826086956	0.6363636363636364	0.30303030303030304	0.0
/musica/rihanna/hate-that-i-love-you.html	33	31	256.1111111111111	0.7058823529411765	0.45454545454545453	0.0
/musica/shania-twain/youre-still-the-one.html	33	29	199.5	0.6190476190476191	0.45454545454545453	0.0
/musica/u2/new-years-day.html	33	31	264.26666666666665	0.631578947368421	0.5454545454545454	0.0
/musica/victor-leo/timidez.html	33	28	152.0	0.5454545454545454	0.3939393939393939	0.0
/musica/whitney-houston/i-will-always-love-you.html	33	30	274.94444444444446	0.6428571428571429	0.45454545454545453	0.0
/musica/zeze-di-camargo-e-luciano/pra-mudar-minha-vida.html	33	28	210.7058823529412	0.5384615384615384	0.48484848484848486	0.0
/artista/frank-sinatra.html	32	19	40.55172413793103	0.0	0.09375	0.0
/artista/portela.html	32	2	19.375	0.0	0.0	0.0
/musica/bruno-e-marrone/nao-faz-mais-isso-comigo.html	32	23	111.61111111111111	0.5263157894736842	0.4375	0.0
/musica/fernando-e-sorocaba/juliana.html	32	27	186.53846153846155	0.7142857142857143	0.59375	0.0
/musica/frank-sinatra/for-once-in-my-life.html	32	26	131.66666666666666	0.45454545454545453	0.4375	0.0
/musica/isa-tkm/ven-a-bailar.html	32	28	163.3846153846154	0.8	0.59375	0.0
/musica/ivete-sangalo/festa.html	32	26	113.57142857142857	0.6190476190476191	0.5625	0.0
/musica/michel-telo/ei-psiu-beijo-me-liga.html	32	26	243.23809523809524	0.6	0.34375	0.0
/musica/raca-negra/e-tarde-demais.html	32	28	183.8181818181818	0.5384615384615384	0.3125	0.0
/musica/tim-maia/vale-tudo.html	32	29	248.57142857142858	0.8095238095238095	0.78125	0.0
/musica/victor-leo/amigo-apaixonado.html	32	32	188.15384615384616	0.8333333333333334	0.59375	0.0
/musica/victor-leo/lembrancas-de-amor.html	32	29	201.66666666666666	0.6666666666666666	0.34375	0.0
/artista/djavan.html	31	9	30.5	0.0	0.03225806451612903	0.0
/artista/oman-city.html	31	1	21.903225806451612	0.0	0.0	0.0
/busca?q=bruno+e+marrone	31	19	48.5	0.5	0.3548387096774194	0.0
/busca?q=rihanna	31	23	46.65217391304348	0.3076923076923077	0.25806451612903225	0.0
/busca?q=shakira	31	21	34.708333333333336	0.375	0.22580645161290322	0.0
/musica/aline-barros-e-cia/homenzinho-torto.html	31	29	154.22222222222223	0.75	0.7096774193548387	0.0
/musica/amy-winehouse/you-know-im-no-good.html	31	27	326.94736842105266	0.4166666666666667	0.3870967741935484	0.0
/musica/beyonce-featuring-jay-z/ave-maria.html	31	25	345.05263157894734	0.5384615384615384	0.3870967741935484	0.0
/musica/black-eyed-peas/boom-boom-pow.html	31	30	192.75	0.75	0.6129032258064516	0.0
/musica/bon-jovi/always.html	31	27	263.3636363636364	0.8	0.6451612903225806	0.0
/musica/claudia-leitte/extravasa.html	31	21	134.625	0.6	0.4838709677419355	0.0
/musica/djavan/samurai.html	31	31	210.66666666666666	0.7083333333333334	0.6129032258064516	0.0
/musica/exaltasamba/eu-nao-consigo-sem-voce.html	31	27	265.0	0.6153846153846154	0.3548387096774194	0.0
/musica/fernando-e-sorocaba/vitimas-do-amor.html	31	28	74.05	0.5	0.3548387096774194	0.0
/musica/isa-tkm/tengo-tu-amor.html	31	28	271.0	0.6923076923076923	0.41935483870967744	0.0
/musica/lulu-santos/toda-forma-de-amor.html	31	30	250.1764705882353	0.5625	0.45161290322580644	0.0
/musica/marciano/boate-azul.html	31	26	352.8	0.5384615384615384	0.3548387096774194	0.0
/musica/paul-mccartney/michelle.html	31	27	343.0	0.5333333333333333	0.3548387096774194	0.0
/musica/raul-seixas/gita.html	31	23	293.42857142857144	0.5555555555555556	0.5483870967741935	0.0
/musica/renato-russo/faroeste-cabloco.html	31	30	659.9375	0.5882352941176471	0.4838709677419355	0.0
/musica/u2/pride-(in-the-name-of-love).html	31	27	238.23076923076923	0.5882352941176471	0.5806451612903226	0.0
/musica/victor-leo/sem-voce.html	31	28	237.1304347826087	0.4	0.25806451612903225	0.0
/artista/cassiane.html	30	5	44.53333333333333	0.0	0.0	0.0
/artista/cazuza.html	30	6	20.966666666666665	0.0	0.0	0.0
/artista/eminem.html	30	21	73.9	0.0	0.3333333333333333	0.0
/artista/engenheiros-do-hawaii.html	30	14	56.666666666666664	0.0	0.0	0.0
/artista/joao-bosco-e-vinius.html	30	14	31.17241379310345	0.0	0.03333333333333333	0.0
/musica/aline-barros/deus-do-impossivel.html	30	26	228.41176470588235	0.46153846153846156	0.43333333333333335	0.0
/musica/ana-carolina/nada-pra-mim.html	30	28	157.05263157894737	0.4	0.36666666666666664	0.0
/musica/avril-lavigne/alice.html	30	23	85.85714285714286	0.5	0.5333333333333333	0.0
/musica/bee-gees/how-deep-is-your-love.html	30	28	350.38461538461536	0.7368421052631579	0.5666666666666667	0.0
/musica/beyonce-featuring-jay-z/hello.html	30	28	252.15384615384616	0.5555555555555556	0.5666666666666667	0.0
/musica/bruno-e-marrone/ficar-por-ficar.html	30	24	99.33333333333333	0.5454545454545454	0.5	0.0
/musica/fernando-e-sorocaba/100--voce.html	30	28	121.89473684210526	0.0	0.36666666666666664	0.0
/musica/fernando-e-sorocaba/a-casa-caiu.html	30	24	55.40909090909091	0.0	0.26666666666666666	0.0
/musica/kings-of-leon/use-somebody.html	30	29	401.53846153846155	0.6363636363636364	0.5666666666666667	0.0
/musica/milionario-e-jose-rico/a-carta.html	30	24	232.8235294117647	0.5625	0.43333333333333335	0.0
/musica/natiruts/sorri-sou-rei.html	30	27	385.0	0.5294117647058824	0.5	0.0
/musica/padre-antonio-maria/sonda-me.html	30	27	195.73684210526315	0.5	0.36666666666666664	0.0
/musica/restart/vou-cantar.html	30	27	197.73333333333332	0.5555555555555556	0.5	0.0
/musica/roupa-nova/dona.html	30	25	260.3157894736842	0.6153846153846154	0.36666666666666664	0.0
/musica/vanessa-da-mata/bau.html	30	27	230.16666666666666	0.6666666666666666	0.6	0.0
/musica/vanessa-da-mata/nao-me-deixe-so.html	30	29	233.15	0.38461538461538464	0.3333333333333333	0.0
/artista/abba.html	29	14	70.46153846153847	0.0	0.10344827586206896	0.0
/artista/jose-ribeiro.html	29	1	6.75	0.0	0.034482758620689655	0.0
/artista/metallica.html	29	12	62.28	0.0	0.13793103448275862	0.0
/artista/zeca-pagodinho.html	29	14	42.38461538461539	0.0	0.10344827586206896	0.0
/busca?q=michael+jackson	29	15	50.583333333333336	0.0	0.1724137931034483	0.0
/musica/ana-carolina/e-isso-ai-(the-blowers-daughter).html	29	28	273.1	0.7894736842105263	0.6551724137931034	0.0
/musica/bruno-e-marrone/cavalgada.html	29	27	134.15384615384616	0.7	0.5517241379310345	0.0
/musica/charlie-brown-jr/me-encontra.html	29	26	268.8	0.6	0.4827586206896552	0.0
/musica/exaltasamba/calma-amor.html	29	28	300.2857142857143	0.6666666666666666	0.5172413793103449	0.0
/musica/exaltasamba/se-liga.html	29	28	123.26666666666667	0.8571428571428571	0.4827586206896552	0.0
/musica/exaltasamba/teu-segredo.html	29	27	235.5	0.6153846153846154	0.5172413793103449	0.0
/musica/eyshila/nada-pode-calar-um-adorador.html	29	17	188.11111111111111	0.38461538461538464	0.3793103448275862	0.0
/musica/fernanda-brum/amar-voce.html	29	23	289.3333333333333	0.625	0.4827586206896552	0.0
/musica/fernando-e-sorocaba/ah-como-eu-amo-voce.html	29	25	95.64285714285714	0.7692307692307693	0.5172413793103449	0.0
/musica/fernando-e-sorocaba/vendaval.html	29	24	228.61111111111111	0.45454545454545453	0.3793103448275862	0.0
/musica/isa-tkm/debia-ser-amor.html	29	27	170.23076923076923	0.5333333333333333	0.5517241379310345	0.0
/musica/ivete-sangalo/na-base-do-beijo.html	29	24	343.9375	0.6428571428571429	0.4482758620689655	0.0
/musica/raul-seixas/gospel.html	29	29	190.0	0.875	0.6206896551724138	0.0
/musica/restart/final-feliz.html	29	26	247.07142857142858	0.75	0.5172413793103449	0.0
/musica/rihanna/dont-stop-the-music.html	29	25	147.6875	0.875	0.4482758620689655	0.0
/musica/shakira/si-te-vas.html	29	25	178.2	0.6363636363636364	0.3103448275862069	0.0
/musica/sorriso-maroto/e-agora-nos.html	29	27	385.07142857142856	0.625	0.5172413793103449	0.0
/artista/chimarruts.html	28	5	28.192307692307693	0.0	0.07142857142857142	0.0
/artista/elba-ramalho.html	28	5	49.18518518518518	0.0	0.03571428571428571	0.0
/busca?q=Digite+o+artista+ou+a+música+que+deseja+buscar	28	23	62.625	0.0	0.14285714285714285	0.0
/musica/ana-carolina/to-saindo.html	28	27	205.2	0.9375	0.6428571428571429	0.0
/musica/cazuza/faz-parte-do-meu-show.html	28	19	128.4	0.3	0.2857142857142857	0.0
/musica/chitaozinho-e-xororo/evidencias.html	28	23	172.5	0.6923076923076923	0.5	0.0
/musica/eduardo-costa/fim-de-amor.html	28	17	77.72727272727273	0.5	0.21428571428571427	0.0
/musica/eyshila/cancao-do-amor.html	28	21	195.13333333333333	0.6363636363636364	0.4642857142857143	0.0
/musica/fernanda-brum/te-amaria-outra-vez.html	28	27	150.7058823529412	0.5714285714285714	0.39285714285714285	0.0
/musica/fernando-e-sorocaba/aqui-a-tristeza-pula-de-alegria.html	28	27	163.69230769230768	0.6428571428571429	0.5357142857142857	0.0
/musica/isa-tkm/amigas-como-tu.html	28	17	228.86666666666667	0.6	0.4642857142857143	0.0
/musica/jorge-e-mateus/se-eu-pedir-ce-volta.html	28	24	209.3846153846154	0.7777777777777778	0.5357142857142857	0.0
/musica/jota-quest/o-sol.html	28	24	198.35714285714286	0.6923076923076923	0.5	0.0
/musica/marina-bellini/fullgas.html	28	27	477.15384615384613	0.5714285714285714	0.5357142857142857	0.0
/musica/sorriso-maroto/por-que.html	28	26	268.4	0.75	0.6428571428571429	0.0
/musica/titas/epitafio.html	28	25	120.53333333333333	0.5	0.4642857142857143	0.0
/musica/u2/with-or-without-you.html	28	24	306.75	0.6428571428571429	0.42857142857142855	0.0
/artista/aline-barros.html	27	16	116.47826086956522	0.0	0.14814814814814814	0.0
/artista/guns-n-roses.html	27	13	40.12	0.0	0.07407407407407407	0.0
/artista/jota-quest.html	27	11	138.88	0.5	0.07407407407407407	0.0
/busca?q=NELSON+CAVAQUINHO	27	1	15.807692307692308	0.0	0.037037037037037035	0.0
/musica/abba/happy-new-year.html	27	22	106.27272727272727	0.6153846153846154	0.5925925925925926	0.0
/musica/banda-dejavu/pense-em-mim.html	27	21	250.9	0.8235294117647058	0.6296296296296297	0.0
/musica/beyonce/beautiful-liar.html	27	26	251.21428571428572	0.7142857142857143	0.48148148148148145	0.0
/musica/bruno-e-marrone/sonho-louco.html	27	23	278.72727272727275	0.6666666666666666	0.5925925925925926	0.0
/musica/capital-inicial/fatima.html	27	23	344.54545454545456	0.7222222222222222	0.5925925925925926	0.0
/musica/carla-bruni/lamoureuse.html	27	25	99.4	0.9523809523809523	0.8148148148148148	0.0
/musica/djavan/se.html	27	23	178.5	0.6	0.48148148148148145	0.0
/musica/fergie/clumsy.html	27	23	221.06666666666666	0.7777777777777778	0.4444444444444444	0.0
/musica/joao-bosco-e-vinicius/terremoto.html	27	21	91.38461538461539	0.5384615384615384	0.5185185185185185	0.0
/musica/michael-jackson/beat-it-2008-with-fergie.html	27	27	282.75	0.6190476190476191	0.5555555555555556	0.0
/musica/sorriso-maroto/me-espera.html	27	24	219.23076923076923	0.7692307692307693	0.5185185185185185	0.0
/musica/zeze-di-camargo-e-luciano/dou-a-vida-por-um-beijo.html	27	25	188.35294117647058	0.6	0.37037037037037035	0.0
/artista/chitaozinho-xororo.html	26	7	67.0	0.0	0.0	0.0
/artista/faccao-central.html	26	4	55.5	0.0	0.0	0.0
/artista/joao-bosco-e-vinicius.html	26	12	98.11538461538461	0.0	0.0	0.0
/artista/jonny-lang.html	26	1	11.26923076923077	0.0	0.0	0.0
/artista/jose-augusto.html	26	8	42.04	0.0	0.038461538461538464	0.0
/artista/lady-antebellum.html	26	9	61.38461538461539	0.0	0.0	0.0
/artista/rosa-de-saron.html	26	11	62.708333333333336	0.0	0.07692307692307693	0.0
/artista/skank.html	26	17	36.42857142857143	0.0	0.19230769230769232	0.0
/busca?q=paula+fernandes	26	14	24.125	0.16666666666666666	0.07692307692307693	0.0
/musica/50-cent/in-da-club.html	26	22	186.53846153846155	0.5294117647058824	0.5	0.0
/musica/beyonce/ego.html	26	26	304.5833333333333	0.5789473684210527	0.5384615384615384	0.0
/musica/celine-dion/i-drove-all-night.html	26	24	68.91666666666667	0.4666666666666667	0.5384615384615384	0.0
/musica/evanescence/my-immortal.html	26	23	248.85714285714286	0.6666666666666666	0.46153846153846156	0.0
/musica/exaltasamba/ceu-e-fe.html	26	24	268.9	0.8461538461538461	0.6153846153846154	0.0
/musica/fagner/noturno.html	26	22	151.46153846153845	0.6153846153846154	0.5	0.0
/musica/fernanda-brum/um-coracao-marcado-assim.html	26	22	141.30769230769232	0.6666666666666666	0.5	0.0
/musica/gal-costa/brasil.html	26	22	165.0	0.7368421052631579	0.5769230769230769	0.0
/musica/isa-tkm/bravo.html	26	22	433.84615384615387	0.5833333333333334	0.5	0.0
/musica/los-hermanos/sentimental.html	26	26	342.53846153846155	0.5882352941176471	0.5	0.0
/musica/mariah-carey/my-all.html	26	21	294.8666666666667	0.38461538461538464	0.4230769230769231	0.0
/musica/pink-floyd/wish-you-were-here.html	26	22	205.66666666666666	0.5454545454545454	0.5384615384615384	0.0
/musica/pitbull/hotel-room-service.html	26	22	275.625	0.6666666666666666	0.6923076923076923	0.0
/musica/ricardo-e-joao-fernando/agora-e-tarde.html	26	25	288.25	0.875	0.38461538461538464	0.0
/musica/victor-leo/muito-natural.html	26	23	217.55555555555554	0.5555555555555556	0.3076923076923077	0.0
/musica/victor-leo/tanta-solidao.html	26	23	138.8	0.5	0.4230769230769231	0.0
/artista/bob-marley.html	25	14	53.869565217391305	0.3333333333333333	0.08	0.0
/artista/exalta-samba.html	25	15	88.28571428571429	0.0	0.16	0.0
/artista/john-fogerty.html	25	1	13.88	0.0	0.0	0.0
/artista/olivia-newton-john.html	25	2	25.28	0.0	0.0	0.0
/artista/roberta-miranda.html	25	6	87.91666666666667	0.0	0.04	0.0
/artista/teen-angels.html	25	10	15.0	0.0	0.08	0.0
/artista/the-rolling-stones.html	25	14	66.15	0.42857142857142855	0.2	0.0
/musica/aerosmith/aint-enough-traducao.html	25	4	202.08	0.0	0.0	0.0
/musica/ana-carolina/confesso.html	25	19	176.2	0.2	0.2	0.0
/musica/bruno-e-marrone/por-te-amar-demais.html	25	21	315.0	0.75	0.2	0.0
/musica/cassia-eller/por-enquanto.html	25	21	149.57142857142858	0.75	0.72	0.0
/musica/chitaozinho-e-xororo/fio-de-cabelo.html	25	20	108.21428571428571	0.6363636363636364	0.44	0.0
/musica/chitaozinho-e-xororo/rei-do-gado.html	25	19	256.875	0.6	0.36	0.0
/musica/dido/im-no-angel.html	25	24	341.0	0.6111111111111112	0.44	0.0
/musica/djavan/nem-um-dia.html	25	24	313.11764705882354	0.5833333333333334	0.32	0.0
/musica/frank-sinatra/(ive-got-you)-under-my-skin.html	25	24	195.42857142857142	0.6	0.44	0.0
/musica/gloria-gaynor/i-will-survive.html	25	23	178.72727272727272	0.8571428571428571	0.56	0.0
/musica/los-hermanos/a-flor.html	25	13	299.25	0.5714285714285714	0.36	0.0
/musica/lulu-santos/apenas-mais-uma-de-amor.html	25	23	225.92857142857142	0.4666666666666667	0.44	0.0
/musica/os-incriveis/marcas-do-que-se-foi.html	25	19	266.75	0.7857142857142857	0.68	0.0
/musica/padre-marcelo-rossi/cura-me.html	25	17	104.38888888888889	0.75	0.28	0.0