/musica/fernando-e-sorocaba/madri.html	1410	1134	140.40784982935153	0.6494949494949495	0.5843971631205673	0.0
/musica/paula-fernandes/passaro-de-fogo.html	1237	996	213.5655172413793	0.6206896551724138	0.5311236863379143	0.0
/letra/a.html	946	717	103.7258064516129	0.3425925925925926	0.27906976744186046	0.0
/letra/m.html	846	599	116.65598650927487	0.3090909090909091	0.2990543735224586	0.0
/letra/b.html	796	629	111.8286219081272	0.3111888111888112	0.2889447236180904	0.0
/letra/c.html	646	511	100.80492813141684	0.25	0.24613003095975233	0.0
/artista/jorge-e-mateus.html	635	331	56.957610789980734	0.2169811320754717	0.1826771653543307	0.0
/letra/r.html	629	486	85.93267326732673	0.16517857142857142	0.1971383147853736	0.0
/artista/katy-perry.html	616	326	66.94274028629857	0.1896551724137931	0.20616883116883117	0.0
/letra/j.html	572	426	82.03941908713693	0.16111111111111112	0.15734265734265734	0.0
/letra/e.html	566	423	89.47334754797441	0.13690476190476192	0.17137809187279152	0.0
/letra/s.html	537	441	116.67403314917127	0.3622448979591837	0.3258845437616387	0.0
/letra/l.html	524	423	114.48129675810473	0.22560975609756098	0.23473282442748092	0.0
/musica/ke$ha/your-love-is-my-drug.html	507	427	139.5151515151515	0.6463414634146342	0.5443786982248521	0.0
/musica/edward-maya/stereo-love-feat-maya.html	461	409	165.04545454545453	0.6617647058823529	0.5704989154013015	0.0
/letra/p.html	432	338	84.7768115942029	0.21551724137931033	0.2013888888888889	0.0
/letra/t.html	419	323	116.03389830508475	0.30612244897959184	0.29594272076372313	0.0
/artista/fernando-e-sorocaba.html	413	257	40.98022598870057	0.09090909090909091	0.14285714285714285	0.0
/artista/paula-fernandes.html	396	217	36.014409221902014	0.18181818181818182	0.12373737373737374	0.0
/artista/beyonce.html	369	153	44.45592705167173	0.13846153846153847	0.10840108401084012	0.0
/letra/d.html	353	263	91.19444444444444	0.21	0.18413597733711048	0.0
/artista/black-eyed-peas.html	337	209	79.37451737451738	0.22772277227722773	0.2314540059347181	0.0
/letra/g.html	331	244	88.96538461538462	0.26262626262626265	0.21450151057401812	0.0
/letra/f.html	322	253	87.70454545454545	0.16304347826086957	0.18012422360248448	0.0
/artista/luan-santana.html	320	161	59.32740213523132	0.1111111111111111	0.121875	0.0
/musica/luan-santana/meteoro.html	290	229	185.5	0.6466666666666666	0.5172413793103449	0.0
/artista/victor-leo.html	285	133	47.91439688715953	0.18181818181818182	0.09824561403508772	0.0
/artista/bruno-e-marrone.html	280	155	45.70247933884298	0.1111111111111111	0.1357142857142857	0.0
/letra/n.html	267	201	77.40444444444445	0.11235955056179775	0.15730337078651685	0.0
/musica/paula-fernandes/meu-eu-em-voce.html	253	211	218.58860759493672	0.6195652173913043	0.37549407114624506	0.0
/musica/justin-bieber/baby.html	251	217	182.18333333333334	0.6025641025641025	0.5219123505976095	0.0
/musica/paula-fernandes/chuva-chover.html	243	211	129.43119266055047	0.7101449275362319	0.551440329218107	0.0
/artista/lady-gaga.html	234	129	34.42786069651741	0.20512820512820512	0.14102564102564102	0.0
/letra/k.html	230	175	64.27272727272727	0.09230769230769231	0.1391304347826087	0.0
/musica/paula-fernandes/quero-sim.html	215	193	251.57894736842104	0.7130434782608696	0.5581395348837209	0.0
/artista/roberto-carlos.html	206	92	79.85185185185185	0.0	0.0825242718446602	0.0
/artista/u2.html	194	46	63.483695652173914	0.0	0.05154639175257732	0.0
/musica/lady-gaga/alejandro.html	194	167	206.76136363636363	0.6739130434782609	0.5463917525773195	0.0
/top/musicas.html	177	94	85.98630136986301	0.4	0.1751412429378531	0.0
/letra/v.html	175	127	73.26573426573427	0.11764705882352941	0.18285714285714286	0.0
/musica/victor-leo/borboletas.html	173	144	184.51111111111112	0.5673076923076923	0.4797687861271676	0.0
/artista/edward-maya.html	172	101	30.90728476821192	0.10256410256410256	0.12209302325581395	0.0
/artista/eduardo-costa.html	168	77	40.986577181208055	0.1111111111111111	0.1130952380952381	0.0
/letra/i.html	167	128	67.72388059701493	0.2708333333333333	0.19760479041916168	0.0
/artista/sorriso-maroto.html	163	58	35.52317880794702	0.0	0.0736196319018405	0.0
/musica/bruno-e-marrone/pra-nao-morrer-de-amor.html	163	143	129.2608695652174	0.6981132075471698	0.5766871165644172	0.0
/artista/justin-bieber.html	161	81	41.81428571428572	0.10344827586206896	0.13043478260869565	0.0
/musica/ke$ha/tik-tok.html	161	143	273.3015873015873	0.7387387387387387	0.6086956521739131	0.0
/musica/victor-leo/ao-vivo-e-em-cores.html	160	136	166.8860759493671	0.6559139784946236	0.50625	0.0
/musica/roberto-carlos/a-mulher-que-eu-amo.html	156	135	182.95833333333334	0.7407407407407407	0.5384615384615384	0.0
/artista/ana-carolina.html	153	55	44.206896551724135	0.0	0.05228758169934641	0.0
/musica/amy-winehouse/rehab.html	153	122	273.2289156626506	0.5227272727272727	0.45751633986928103	0.0
/musica/pitty/so-agora.html	153	145	306.9642857142857	0.7247706422018348	0.6339869281045751	0.0
/musica/eduardo-costa/a-carta.html	149	122	187.0632911392405	0.6949152542372882	0.4697986577181208	0.0
/musica/guilherme-e-santiago/e-dai.html	146	134	177.64285714285714	0.7684210526315789	0.6164383561643836	0.0
/musica/lady-gaga/bad-romance.html	144	125	171.0	0.7027027027027027	0.5486111111111112	0.0
/musica/paula-fernandes/sem-voce.html	140	120	118.39506172839506	0.5818181818181818	0.42142857142857143	0.0
/musica/fernando-e-sorocaba/bala-de-prata.html	134	114	188.33962264150944	0.6736842105263158	0.6044776119402985	0.0
/letra/h.html	133	111	67.75700934579439	0.22727272727272727	0.19548872180451127	0.0
/musica/restart/levo-comigo.html	133	116	226.0	0.6515151515151515	0.5263157894736842	0.0
/artista/zeze-di-camargo-e-luciano.html	130	82	74.64150943396227	0.2857142857142857	0.18461538461538463	0.0
/musica/joao-bosco-e-vinicius/chorame-liga.html	129	112	220.96825396825398	0.64	0.5116279069767442	0.0
/letra/w.html	128	89	91.08849557522124	0.07142857142857142	0.1171875	0.0
/letra/z.html	127	90	75.04464285714286	0.09090909090909091	0.11811023622047244	0.0
/artista/michel-telo.html	122	55	54.38461538461539	0.3103448275862069	0.14754098360655737	0.0
/musica/shakira/gipsy.html	119	101	117.06493506493507	0.5714285714285714	0.35294117647058826	0.0
/artista/rihanna.html	118	68	72.65957446808511	1.0	0.2033898305084746	0.0
/letra/x.html	114	50	130.68041237113403	0.3157894736842105	0.14912280701754385	0.0
/musica/isa-tkm/sigo-al-corazon.html	113	89	230.71875	0.5857142857142857	0.4336283185840708	0.0
/musica/beyonce-featuring-jay-z/halo.html	112	95	238.69387755102042	0.6612903225806451	0.5625	0.0
/musica/exaltasamba/gamei.html	112	105	226.42857142857142	0.7916666666666666	0.75	0.0
/musica/charlie-brown-jr/so-os-loucos-sabem.html	109	102	434.1463414634146	0.7213114754098361	0.6238532110091743	0.0
/top/artistas.html	105	50	100.36082474226804	0.23076923076923078	0.0761904761904762	0.0
/artista/elaine-martins.html	103	1	18.349514563106798	0.0	0.0	0.0
/artista/exaltasamba.html	103	66	52.74390243902439	0.0	0.20388349514563106	0.0
/letra/o.html	103	83	64.33720930232558	0.30303030303030304	0.1650485436893204	0.0
/musica/train/hey-soul-sister.html	100	95	600.4411764705883	0.7027027027027027	0.66	0.0
/musica/victor-leo/estrela-cadente.html	100	86	141.33333333333334	0.6666666666666666	0.49	0.0
/musica/luan-santana/sempre-com-voce.html	99	90	134.28205128205127	0.6666666666666666	0.6060606060606061	0.0
/artista/pitty.html	98	24	47.91111111111111	0.5	0.08163265306122448	0.0
/letra/u.html	98	75	41.34444444444444	0.09090909090909091	0.08163265306122448	0.0
/artista/amy-winehouse.html	96	42	29.15909090909091	0.0	0.08333333333333333	0.0
/artista/john-mayer.html	96	18	28.408602150537636	0.0	0.03125	0.0
/musica/eduardo-costa/quem-foi-que-disse.html	96	73	154.01960784313727	0.6379310344827587	0.46875	0.0
/musica/paula-fernandes/jeito-de-mato.html	95	86	310.9189189189189	0.6666666666666666	0.6105263157894737	0.0
/musica/paula-fernandes/sede-de-amor.html	94	79	264.7	0.525	0.46808510638297873	0.0
/artista/shakira.html	93	55	75.72972972972973	1.0	0.20430107526881722	0.0
/musica/luan-santana/to-de-cara.html	93	78	202.71052631578948	0.7	0.5913978494623656	0.0
/musica/fabio-jr/pai.html	89	65	208.21621621621622	0.7021276595744681	0.5842696629213483	0.0
/musica/paula-fernandes/complicado-demais.html	89	83	227.64444444444445	0.75	0.4943820224719101	0.0
/musica/sorriso-maroto/futuro-prometido.html	89	80	187.5	0.7647058823529411	0.6629213483146067	0.0
/artista/legiao-urbana.html	87	31	55.651162790697676	0.0	0.011494252873563218	0.0
/musica/aline-barros/sonda-me-usa-me.html	87	63	211.92857142857142	0.6590909090909091	0.5172413793103449	0.0
/musica/exaltasamba/fui.html	87	75	221.95	0.6136363636363636	0.5402298850574713	0.0
/musica/jorge-e-mateus/voa-beija-flor.html	87	71	146.87179487179486	0.6511627906976745	0.5517241379310345	0.0
/musica/miley-cyrus/one-in-a-million.html	87	79	127.80392156862744	0.5384615384615384	0.41379310344827586	0.0
/artista/the-beatles.html	86	18	69.49367088607595	0.3333333333333333	0.08139534883720931	0.0
/musica/eduardo-costa/nao-valeu-pra-voce.html	86	74	164.29032258064515	0.7368421052631579	0.6395348837209303	0.0
/artista/restart.html	85	45	75.93333333333334	0.17647058823529413	0.11764705882352941	0.0
/musica/lazaro/meu-mestre.html	83	71	184.06666666666666	0.6724137931034483	0.6385542168674698	0.0
/artista/isa-tkm.html	82	13	17.45	0.0	0.024390243902439025	0.0
/artista/o-rappa.html	81	13	43.30379746835443	0.0	0.024691358024691357	0.0
/artista/zeca-pagodinho.html	81	17	34.75949367088607	0.0	0.024691358024691357	0.0
/musica/sorriso-maroto/sinais.html	80	74	230.38709677419354	0.7924528301886793	0.6125	0.0
/artista/titas.html	79	15	76.98648648648648	0.0	0.06329113924050633	0.0
/musica/victor-leo/tem-que-ser-voce.html	79	77	179.1219512195122	0.6923076923076923	0.4810126582278481	0.0
/musica/regis-danese/faz-um-milagre-em-mim.html	77	65	278.42857142857144	0.7115384615384616	0.6363636363636364	0.0
/musica/vanessa-da-mata/amado.html	77	63	318.4594594594595	0.5714285714285714	0.5194805194805194	0.0
/musica/nxzero/so-rezo.html	76	74	230.38888888888889	0.7777777777777778	0.7631578947368421	0.0
/musica/victor-leo/deus-e-eu-no-sertao.html	76	66	277.39473684210526	0.5789473684210527	0.5	0.0
/artista/bezerra-da-silva.html	75	7	27.643835616438356	0.0	0.02666666666666667	0.0
/artista/exaltasamba-musicas.html	75	39	39.276923076923076	0.0	0.13333333333333333	0.0
/musica/fernando-e-sorocaba/paga-pau.html	75	68	255.85	0.5945945945945946	0.4666666666666667	0.0
/musica/lady-gaga/paparazzi.html	73	66	418.17857142857144	0.6976744186046512	0.6164383561643836	0.0
/artista/evanescence.html	72	18	52.27272727272727	0.0	0.08333333333333333	0.0
/musica/beyonce-featuring-jay-z/if-i-were-a-boy.html	72	68	254.95	0.5897435897435898	0.4444444444444444	0.0
/musica/rita-lee/tititi.html	71	60	212.04166666666666	0.7608695652173914	0.6619718309859155	0.0
/artista/charlie-brown-jr.html	70	30	41.296875	0.0	0.08571428571428572	0.0
/artista/eros-ramazzotti.html	70	8	18.71014492753623	0.0	0.014285714285714285	0.0
/artista/xuxa.html	70	29	123.24590163934427	0.14285714285714285	0.12857142857142856	0.0
/musica/abba/dancing-queen.html	70	55	330.72727272727275	0.6451612903225806	0.5285714285714286	0.0
/musica/pitty/me-adora.html	70	56	205.02631578947367	0.6097560975609756	0.45714285714285713	0.0
/musica/jorge-e-mateus/misterios.html	69	38	53.18518518518518	0.7647058823529411	0.21739130434782608	0.0
/artista/madonna.html	68	12	36.22727272727273	0.0	0.029411764705882353	0.0
/artista/miley-cyrus.html	68	34	35.067796610169495	0.0	0.1323529411764706	0.0
/musica/exaltasamba/valeu.html	68	60	81.32	0.6444444444444445	0.6323529411764706	0.0
/musica/claudia-leitte/as-mascaras.html	67	57	305.60869565217394	0.7954545454545454	0.6567164179104478	0.0
/artista/ivete-sangalo.html	66	34	51.88135593220339	0.0	0.10606060606060606	0.0
/letra/q.html	66	52	49.60344827586207	0.07692307692307693	0.12121212121212122	0.0
/musica/ana-carolina/entreolhares.html	65	55	357.3030303030303	0.6060606060606061	0.49230769230769234	0.0
/musica/nando-reis/pra-voce-guardei-o-amor.html	65	56	388.7857142857143	0.696969696969697	0.5692307692307692	0.0
/musica/paula-fernandes/cheiro-de-relva.html	65	51	125.08333333333333	0.6896551724137931	0.4461538461538462	0.0
/musica/rihanna/rude-boy.html	65	61	251.57142857142858	0.7608695652173914	0.676923076923077	0.0
/musica/rihanna/russian-roulette.html	65	57	223.21052631578948	0.8536585365853658	0.7076923076923077	0.0
/musica/victor-leo/nada-normal.html	65	57	203.56410256410257	0.5666666666666667	0.4	0.0
/artista/beastie-boys.html	64	51	42.1	0.5918367346938775	0.53125	0.0
/artista/nando-reis.html	64	21	43.333333333333336	0.5	0.109375	0.0
/musica/beyonce/ego.html	64	58	367.53846153846155	0.717948717948718	0.59375	0.0
/musica/paula-fernandes/pra-que-inventaram-o-amor.html	64	54	159.02857142857144	0.5833333333333334	0.453125	0.0
/musica/black-eyed-peas/i-gotta-feeling.html	63	52	199.4814814814815	0.6666666666666666	0.5714285714285714	0.0
/musica/jorge-e-mateus/espelho.html	63	56	282.8709677419355	0.6774193548387096	0.5079365079365079	0.0
/musica/luan-santana/sinais.html	63	57	181.1764705882353	0.4444444444444444	0.4603174603174603	0.0
/musica/shakira/estoy-aqui.html	63	49	252.45714285714286	0.4838709677419355	0.4444444444444444	0.0
/musica/janaynna-targino/sacanagem-tua.html	62	56	233.85714285714286	0.6388888888888888	0.5483870967741935	0.0
/musica/rihanna/te-amo.html	62	55	459.6666666666667	0.6571428571428571	0.5161290322580645	0.0
/musica/aline-barros-e-cia/pula-pula.html	61	52	188.0	0.803921568627451	0.7540983606557377	0.0
/musica/avioes-do-forro/jeito-de-amar.html	61	51	156.78947368421052	0.8333333333333334	0.6885245901639344	0.0
/musica/hugo-pena-e-gabriel/to-nem-ai.html	61	57	114.36363636363636	0.6875	0.45901639344262296	0.0
/musica/beyonce/sweet-dreams.html	60	53	182.76923076923077	0.7105263157894737	0.5666666666666667	0.0
/musica/luan-santana/chocolate.html	60	53	149.6086956521739	0.5714285714285714	0.6166666666666667	0.0
/musica/luan-santana/jogo-do-amor.html	60	55	342.7241379310345	0.6111111111111112	0.5166666666666667	0.0
/artista/queen.html	59	22	45.56140350877193	0.0	0.03389830508474576	0.0
/musica/isa-tkm/tengo-tu-amor.html	59	48	190.69444444444446	0.5217391304347826	0.3898305084745763	0.0
/musica/grupo-revelacao/ta-escrito.html	58	55	306.6818181818182	0.78125	0.6206896551724138	0.0
/musica/jorge-e-mateus/vou-fazer-pirraca.html	58	52	108.81481481481481	0.7419354838709677	0.5344827586206896	0.0
/musica/restart/recomecar.html	58	52	187.94736842105263	0.75	0.6724137931034483	0.0
/musica/teen-angels/a-ver-si-pueden.html	58	50	374.96	0.5483870967741935	0.5689655172413793	0.0
/artista/avril-lavigne.html	57	27	50.673469387755105	0.75	0.14035087719298245	0.0
/busca?q=exaltasamba	57	40	43.53061224489796	0.10526315789473684	0.14035087719298245	0.0
/musica/jorge-e-mateus/de-tanto-te-querer.html	57	49	323.88	0.6666666666666666	0.5614035087719298	0.0
/musica/lady-gaga/telephone-feat-beyonce.html	57	54	272.10526315789474	0.7272727272727273	0.6666666666666666	0.0
/musica/padre-marcelo-rossi/anjos-de-resgate.html	57	49	206.28	0.6857142857142857	0.5614035087719298	0.0
/musica/parangole/rebolation.html	57	45	158.58333333333334	0.6388888888888888	0.5789473684210527	0.0
/musica/bruno-e-marrone/pode-ir-embora.html	56	46	212.96	0.6206896551724138	0.5535714285714286	0.0
/musica/charlie-brown-jr/dona-do-meu-pensamento.html	56	49	226.55555555555554	0.5454545454545454	0.5178571428571429	0.0
/musica/padre-marcelo-rossi/noites-traicoeiras.html	56	43	287.48387096774195	0.43478260869565216	0.44642857142857145	0.0
/artista/catolicas.html	55	3	26.24074074074074	0.0	0.01818181818181818	0.0
/musica/bruno-e-marrone/sonho-louco.html	55	45	115.73076923076923	0.6363636363636364	0.5272727272727272	0.0
/musica/fernando-e-sorocaba/da-cor-do-pecado.html	55	49	157.46153846153845	0.76	0.5272727272727272	0.0
/musica/mariah-carey/i-want-to-know-what-love-is.html	55	47	305.3225806451613	0.6071428571428571	0.43636363636363634	0.0
/musica/victor-leo/nao-mais.html	55	47	180.96428571428572	0.6086956521739131	0.4909090909090909	0.0
/musica/victor-leo/voce-sabia.html	55	44	184.93333333333334	0.7407407407407407	0.45454545454545453	0.0
/artista/eminem.html	54	22	40.93478260869565	0.0	0.14814814814814814	0.0
/artista/michael-jackson.html	54	29	43.26923076923077	0.0	0.037037037037037035	0.0
/artista/ne-yo.html	54	8	79.41509433962264	0.0	0.018518518518518517	0.0
/busca?q=	54	43	65.8974358974359	0.2903225806451613	0.2777777777777778	0.0
/musica/amy-winehouse/you-know-im-no-good.html	54	45	252.71875	0.5185185185185185	0.4074074074074074	0.0
/artista/capital-inicial.html	53	16	42.28846153846154	0.0	0.018867924528301886	0.0
/artista/sampa-crew.html	53	17	37.98	0.0	0.05660377358490566	0.0
/musica/jorge-e-mateus/o-mundo-e-tao-pequeno.html	53	50	200.5	0.75	0.5471698113207547	0.0
/musica/lazaro/deus-vai-fazer.html	53	42	185.0344827586207	0.5	0.4528301886792453	0.0
/musica/paula-fernandes/vai.html	53	51	117.44827586206897	0.68	0.4528301886792453	0.0
/artista/colbie-caillat.html	52	32	6.081632653061225	0.1111111111111111	0.057692307692307696	0.0
/busca?q=sorriso+maroto	52	25	93.52380952380952	0.26666666666666666	0.19230769230769232	0.0
/musica/luan-santana/aqui-e-o-seu-lugar.html	52	47	178.3181818181818	0.6875	0.5769230769230769	0.0
/musica/marcos-e-belutti/perdoa-amor.html	52	46	239.76	0.7	0.5192307692307693	0.0
/musica/maria-cecilia-e-rodolfo/se-vira.html	52	50	110.88888888888889	0.8478260869565217	0.8269230769230769	0.0
/musica/oasis/wonderwall.html	52	42	276.04	0.6206896551724138	0.5192307692307693	0.0
/musica/teen-angels/hay-un-lugar.html	52	43	266.8888888888889	0.6923076923076923	0.4807692307692308	0.0
/musica/victor-leo/fada.html	52	49	154.07692307692307	0.868421052631579	0.75	0.0
/artista/nelson-goncalves.html	51	16	63.13636363636363	0.5	0.13725490196078433	0.0
/musica/amy-winehouse/back-to-black.html	51	46	331.0571428571429	0.5454545454545454	0.3137254901960784	0.0
/musica/black-eyed-peas/dont-phunk-with-my-heart.html	51	42	127.5	0.6666666666666666	0.6078431372549019	0.0
/musica/black-eyed-peas/meet-me-halfway.html	51	47	121.7	0.8157894736842105	0.803921568627451	0.0
/musica/jorge-e-mateus/onde-haja-sol.html	51	42	169.24137931034483	0.5652173913043478	0.43137254901960786	0.0
/artista/claudia-leitte.html	50	22	33.80434782608695	0.0	0.08	0.0
/artista/linkin-park.html	50	22	89.55555555555556	0.0	0.1	0.0
/artista/roupa-nova.html	50	15	30.458333333333332	0.0	0.04	0.0
/musica/edson-e-hudson/meu-anjo.html	50	45	147.32	0.5454545454545454	0.5	0.0
/musica/joao-bosco-e-vinicius/sufoco.html	50	41	43.94444444444444	0.6756756756756757	0.64	0.0
/musica/thales-e-thiago/ja-tem-outra-em-seu-lugar.html	50	46	134.86486486486487	0.391304347826087	0.26	0.0
/artista/raul-seixas.html	49	21	128.0	0.14285714285714285	0.10204081632653061	0.0
/musica/jeito-moleque/ela-vem-do-ceu.html	49	45	337.1	0.625	0.5918367346938775	0.0
/musica/jorge-e-mateus/querendo-te-amar.html	49	37	135.1818181818182	0.5	0.32653061224489793	0.0
/musica/justin-bieber/one-time.html	49	45	217.66666666666666	0.7037037037037037	0.5714285714285714	0.0
/artista/jack-johnson.html	48	11	35.0	0.0	0.0625	0.0
/musica/beyonce-featuring-jay-z/hello.html	48	36	111.84615384615384	0.6206896551724138	0.4583333333333333	0.0
/musica/racionais-mcs/da-ponte-pra-ca.html	48	13	38.175	0.7142857142857143	0.16666666666666666	0.0
/artista/pink-floyd.html	47	24	65.23913043478261	0.0	0.02127659574468085	0.0
/artista/whitney-houston.html	47	22	47.90909090909091	0.0	0.06382978723404255	0.0
/artista/bee-gees.html	46	17	58.71111111111111	0.0	0.021739130434782608	0.0
/artista/belo.html	46	22	98.575	0.0	0.13043478260869565	0.0
/artista/elton-john.html	46	23	29.38095238095238	0.0	0.08695652173913043	0.0
/artista/pearl-jam.html	46	18	25.681818181818183	0.0	0.043478260869565216	0.0
/musica/andre-valadao/pela-fe.html	46	29	125.8	0.625	0.45652173913043476	0.0
/musica/eduardo-costa/feito-tatuagem.html	46	39	186.4814814814815	0.42857142857142855	0.41304347826086957	0.0
/musica/luan-santana/voce-do-meu-lado.html	46	41	202.77777777777777	0.42105263157894735	0.41304347826086957	0.0
/musica/michel-telo/larga-de-bobeira.html	46	39	170.44444444444446	0.6896551724137931	0.6086956521739131	0.0
/artista/anita-baker.html	45	3	31.441860465116278	0.0	0.044444444444444446	0.0
/artista/bruce-springsteen.html	45	5	51.22222222222222	0.0	0.0	0.0
/artista/guns-n-roses.html	45	17	27.023809523809526	0.0	0.06666666666666667	0.0
/busca?q=paula+fernandes	45	27	56.513513513513516	0.25	0.17777777777777778	0.0
/musica/beyonce-featuring-jay-z/baby-boy.html	45	42	215.2	0.7931034482758621	0.6666666666666666	0.0
/musica/bruna-karla/que-bom-que-voce-chegou.html	45	34	64.75	0.5666666666666667	0.5555555555555556	0.0
/musica/exaltasamba/se-liga.html	45	37	123.3913043478261	0.5925925925925926	0.4888888888888889	0.0
/artista/biquini-cavadao.html	44	7	35.77272727272727	0.0	0.0	0.0
/artista/green-day.html	44	12	42.54761904761905	0.0	0.045454545454545456	0.0
/artista/rita-lee.html	44	22	83.51219512195122	0.0	0.06818181818181818	0.0
/artista/rose-nascimento.html	44	6	21.61904761904762	0.0	0.045454545454545456	0.0
/busca?q=ana+carolina	44	21	59.6578947368421	0.16666666666666666	0.13636363636363635	0.0
/letra/0.html	44	37	76.11627906976744	0.0	0.022727272727272728	0.0
/musica/eduardo-costa/eu-aposto.html	44	37	214.83333333333334	0.6086956521739131	0.45454545454545453	0.0
/musica/miley-cyrus/party-in-the-usa.html	44	39	203.41176470588235	0.6896551724137931	0.6136363636363636	0.0
/musica/raul-seixas/gospel.html	44	33	193.44444444444446	0.59375	0.5909090909090909	0.0
/artista/aline-barros.html	43	23	36.09756097560975	0.0	0.046511627906976744	0.0
/artista/jason-mraz.html	43	23	66.28205128205128	0.0	0.09302325581395349	0.0
/artista/jeito-moleque.html	43	19	40.390243902439025	1.0	0.046511627906976744	0.0
/artista/milionario-e-jose-rico.html	43	9	24.25	0.0	0.06976744186046512	0.0
/musica/ana-carolina/garganta.html	43	39	256.3333333333333	0.6206896551724138	0.5813953488372093	0.0
/musica/cazuza/exagerado.html	43	40	224.72222222222223	0.59375	0.5813953488372093	0.0
/musica/eduardo-costa/amores-imortais.html	43	33	212.72727272727272	0.6470588235294118	0.4883720930232558	0.0
/musica/fernando-e-sorocaba/ah-como-eu-amo-voce.html	43	39	119.30434782608695	0.6	0.46511627906976744	0.0
/musica/fernando-e-sorocaba/vem-ficar-do-meu-lado.html	43	41	161.05263157894737	0.7777777777777778	0.5581395348837209	0.0
/musica/jamily/conquistando-o-impossivel.html	43	41	262.8235294117647	0.7391304347826086	0.6046511627906976	0.0
/musica/peter-frampton/baby-i-love-your-way.html	43	35	185.6	0.7037037037037037	0.6511627906976745	0.0
/musica/racionais-mcs/negro-drama.html	43	37	372.8095238095238	0.56	0.5116279069767442	0.0
/musica/rihanna/umbrella.html	43	40	255.67857142857142	0.34782608695652173	0.3488372093023256	0.0
/musica/zeze-di-camargo-e-luciano/eu-e-meu-pai.html	43	39	223.73333333333332	0.6571428571428571	0.6511627906976745	0.0
/artista/djavan.html	42	14	50.24324324324324	0.0	0.11904761904761904	0.0
/artista/rod-stewart.html	42	14	29.57894736842105	0.0	0.09523809523809523	0.0
/musica/isa-tkm/ven-a-bailar.html	42	32	133.92307692307693	0.6666666666666666	0.38095238095238093	0.0
/musica/ivete-sangalo/na-base-do-beijo.html	42	38	120.125	0.6666666666666666	0.6190476190476191	0.0
/musica/racionais-mcs/capitulo-4-versiculo-3.html	42	33	276.53846153846155	0.5	0.38095238095238093	0.0
/musica/racionais-mcs/diario-de-um-detento.html	42	40	742.0666666666667	0.7	0.6428571428571429	0.0
/musica/u2/one.html	42	34	254.1578947368421	0.625	0.5476190476190477	0.0
/musica/victor-leo/fotos.html	42	34	103.05555555555556	0.65	0.5714285714285714	0.0
/musica/ze-henrique-e-gabriel/eu-amo-te-amar.html	42	38	151.05263157894737	0.7083333333333334	0.5476190476190477	0.0
/musica/ze-henrique-e-gabriel/o-que-combina-comigo-e-voce.html	42	39	247.30769230769232	0.5454545454545454	0.38095238095238093	0.0
/artista/chimarruts.html	41	15	34.08108108108108	0.0	0.0975609756097561	0.0
/artista/demi-lovato.html	41	5	15.804878048780488	0.0	0.0	0.0
/musica/bob-marley/get-up-stand-up.html	41	40	392.3888888888889	0.6285714285714286	0.5609756097560976	0.0
/musica/bruno-e-marrone/nao-tente-me-impedir.html	41	33	178.3913043478261	0.5185185185185185	0.43902439024390244	0.0
/musica/cassia-eller/por-enquanto.html	41	30	309.2608695652174	0.625	0.43902439024390244	0.0
/musica/cazuza/faz-parte-do-meu-show.html	41	38	183.47368421052633	0.6923076923076923	0.5365853658536586	0.0
/musica/charlie-brown-jr/me-encontra.html	41	37	284.52941176470586	0.6363636363636364	0.5853658536585366	0.0
/musica/cine/as-cores.html	41	35	430.6923076923077	0.875	0.6829268292682927	0.0
/musica/grupo-facanha/saudades-do-amor.html	41	38	229.3125	0.7407407407407407	0.6097560975609756	0.0
/musica/ivete-sangalo/se-eu-nao-te-amasse-tanto-assim.html	41	36	137.4375	0.7142857142857143	0.6097560975609756	0.0
/musica/luan-santana/minha-boca-voce-nao-beija-mais.html	41	38	180.13636363636363	0.5238095238095238	0.4634146341463415	0.0
/musica/rosa-de-saron/sem-voce.html	41	35	136.27777777777777	0.7619047619047619	0.5609756097560976	0.0
/musica/zeze-di-camargo-e-luciano/pra-mudar-minha-vida.html	41	37	176.83333333333334	0.72	0.5609756097560976	0.0
/artista/rick-e-renner.html	40	11	74.36842105263158	0.0	0.05	0.0
/musica/aline-barros-e-cia/homenzinho-torto.html	40	35	166.16666666666666	0.8214285714285714	0.7	0.0
/musica/aline-barros/deus-do-impossivel.html	40	28	168.1851851851852	0.35294117647058826	0.325	0.0
/musica/ana-carolina/a-cancao-tocou-na-hora-errada.html	40	36	220.85714285714286	0.5555555555555556	0.475	0.0
/musica/isa-tkm/para-mi.html	40	29	253.73076923076923	0.5714285714285714	0.35	0.0
/musica/luan-santana/somos-apenas-um.html	40	34	256.72222222222223	0.7368421052631579	0.55	0.0
/musica/miley-cyrus/the-climb.html	40	36	279.8	0.6956521739130435	0.625	0.0
/musica/padre-antonio-maria/sonda-me.html	40	34	970.2083333333334	0.5294117647058824	0.4	0.0
/musica/shakira/ciega-sordomuda.html	40	38	111.0	0.7575757575757576	0.7	0.0
/artista/hanna-pakarinen.html	39	1	64.60526315789474	0.0	0.02564102564102564	0.0
/artista/jamelao.html	39	2	11.58974358974359	0.0	0.0	0.0
/artista/sublime.html	39	11	28.91176470588235	0.3	0.1282051282051282	0.0
/musica/evanescence/my-immortal.html	39	31	279.3809523809524	0.65	0.46153846153846156	0.0
/musica/jota-quest/o-sol.html	39	30	151.7826086956522	0.5	0.41025641025641024	0.0
/musica/leo-magalhaes/porto-seguro.html	39	36	237.52380952380952	0.7647058823529411	0.46153846153846156	0.0
/musica/michael-jackson/human-nature.html	39	31	267.11764705882354	0.6190476190476191	0.5641025641025641	0.0
/musica/michael-jackson/thriller.html	39	33	369.1666666666667	0.625	0.5384615384615384	0.0
/musica/sorriso-maroto/eu-vacilei.html	39	35	260.46153846153845	0.6896551724137931	0.6666666666666666	0.0
/musica/tim-maia/azul-da-cor-do-mar.html	39	34	199.0	0.7037037037037037	0.6410256410256411	0.0
/musica/ze-ramalho/avohai.html	39	26	237.5909090909091	0.5	0.4358974358974359	0.0
/artista/edson-e-hudson.html	38	14	74.02702702702703	0.0	0.02631578947368421	0.0
/artista/enya.html	38	8	22.22222222222222	0.0	0.05263157894736842	0.0
/artista/eric-clapton.html	38	13	62.388888888888886	0.0	0.05263157894736842	0.0
/musica/belo/reiventar.html	38	35	210.125	0.782608695652174	0.5789473684210527	0.0
/musica/cesar-menotti-e-fabiano/caso-por-acaso.html	38	37	381.70588235294116	0.6666666666666666	0.5526315789473685	0.0
/musica/exaltasamba/calma-amor.html	38	31	259.6875	0.6818181818181818	0.5789473684210527	0.0
/musica/guns-n-roses/sweet-child-o-mine.html	38	27	303.7916666666667	0.4444444444444444	0.3684210526315789	0.0
/musica/jorge-e-mateus/um-dia-te-levo-comigo.html	38	36	259.6875	0.8947368421052632	0.5789473684210527	0.0
/musica/katy-perry/i-kissed-a-girl.html	38	38	131.33333333333334	1.0	0.4473684210526316	0.0
/musica/vanessa-da-mata/bau.html	38	32	410.27777777777777	0.6538461538461539	0.5263157894736842	0.0
/musica/victor-leo/vida-boa.html	38	32	236.46666666666667	0.7222222222222222	0.6052631578947368	0.0
/artista/amado-batista.html	37	16	39.416666666666664	0.0	0.02702702702702703	0.0
/artista/beyonce-featuring-jay-z.html	37	27	41.121212121212125	0.0	0.10810810810810811	0.0
/artista/celine-dion.html	37	21	50.114285714285714	0.0	0.05405405405405406	0.0
/artista/dido.html	37	14	31.27777777777778	0.0	0.02702702702702703	0.0
/artista/fagner.html	37	8	31.61111111111111	0.0	0.02702702702702703	0.0
/artista/gaiola-das-popozudas.html	37	3	16.428571428571427	0.0	0.05405405405405406	0.0
/artista/metallica.html	37	16	55.83783783783784	0.0	0.0	0.0
/artista/natiruts.html	37	10	46.74285714285714	0.0	0.05405405405405406	0.0
/musica/adriana-calcanhotto/gatinha-manhosa.html	37	30	237.52941176470588	0.65	0.5405405405405406	0.0
/musica/avril-lavigne/alice.html	37	26	65.36363636363636	0.5555555555555556	0.40540540540540543	0.0
/musica/beyonce-featuring-jay-z/broken-hearted-girl.html	37	36	251.33333333333334	0.7666666666666667	0.7567567567567568	0.0
/musica/guns-n-roses/patience.html	37	32	208.78571428571428	0.7222222222222222	0.6216216216216216	0.0
/musica/isa-tkm/cuando-me-siento-sola.html	37	34	218.21428571428572	0.38461538461538464	0.24324324324324326	0.0
/musica/isa-tkm/debia-ser-amor.html	37	30	160.31578947368422	0.5	0.4864864864864865	0.0
/musica/lazaro/eu-te-amo-tanto.html	37	34	195.42857142857142	0.7368421052631579	0.6216216216216216	0.0
/musica/palavra-cantada/dorme.html	37	35	96.27777777777777	0.5769230769230769	0.5135135135135135	0.0
/musica/paula-fernandes/danca-menina.html	37	33	122.45833333333333	0.6666666666666666	0.35135135135135137	0.0
/musica/pearl-jam/black.html	37	34	376.5263157894737	0.6	0.4864864864864865	0.0
/musica/whitney-houston/i-will-always-love-you.html	37	33	247.5	0.8095238095238095	0.6756756756756757	0.0
/artista/bryan-adams.html	36	13	62.42424242424242	0.0	0.08333333333333333	0.0
/artista/chico-buarque.html	36	18	92.0	0.0	0.027777777777777776	0.0
/artista/gusttavo-lima.html	36	5	10.705882352941176	0.0	0.05555555555555555	0.0
/artista/laura-pausini.html	36	14	65.26470588235294	0.0	0.05555555555555555	0.0
/artista/malhacao.html	36	5	39.6764705882353	0.0	0.05555555555555555	0.0
/artista/roxette.html	36	16	48.56666666666667	0.6	0.16666666666666666	0.0
/musica/alanis-morissette/ironic.html	36	27	279.26666666666665	0.5714285714285714	0.5833333333333334	0.0
/musica/ana-carolina/velas-e-vento.html	36	34	103.0	0.6666666666666666	0.5555555555555556	0.0
/musica/beyonce-featuring-jay-z/single-ladies-(put-a-ring-on-it).html	36	30	364.4	0.625	0.5833333333333334	0.0
/musica/cesar-menotti-e-fabiano/ciumenta.html	36	30	359.6842105263158	0.5	0.4722222222222222	0.0
/musica/christian-e-cristiano/fa.html	36	27	124.6875	0.65	0.5555555555555556	0.0
/musica/eduardo-costa/voce-foi-atriz.html	36	33	173.3684210526316	0.6666666666666666	0.4722222222222222	0.0
/musica/isa-tkm/un-poquito-mala.html	36	22	286.04	0.5	0.3055555555555556	0.0
/musica/marcos-e-belutti/tudo-no-olhar.html	36	30	132.68421052631578	0.625	0.4722222222222222	0.0
/musica/shakira/gypsy.html	36	33	627.1333333333333	0.6538461538461539	0.5833333333333334	0.0
/musica/shakira/inevitable.html	36	30	165.57142857142858	0.35714285714285715	0.4166666666666667	0.0
/musica/teen-angels/estoy-listo.html	36	35	246.375	0.6842105263157895	0.5555555555555556	0.0
/musica/teen-angels/un-paso.html	36	30	141.2608695652174	0.29411764705882354	0.3611111111111111	0.0
/musica/titas/epitafio.html	36	33	212.8421052631579	0.625	0.4722222222222222	0.0
/artista/christina-aguilera.html	35	21	68.55555555555556	0.5	0.22857142857142856	0.0
/artista/karen-carpenter.html	35	1	7.942857142857143	0.0	0.0	0.0
/artista/ke$ha.html	35	26	19.03846153846154	1.0	0.2571428571428571	0.0
/musica/beyonce/irreplaceable.html	35	28	426.35	0.3888888888888889	0.42857142857142855	0.0
/musica/bob-marley/no-woman-no-cry.html	35	28	203.0	0.5555555555555556	0.45714285714285713	0.0
/musica/cazuza/o-tempo-nao-para.html	35	32	231.05	0.4666666666666667	0.42857142857142855	0.0
/musica/charles-aznavour/she.html	35	28	281.05882352941177	0.65	0.5142857142857142	0.0
/musica/cleiton-e-huggo/me-de-um-sinal.html	35	34	88.28	0.5294117647058824	0.2857142857142857	0.0
/musica/djavan/oceano.html	35	30	275.42105263157896	0.5909090909090909	0.45714285714285713	0.0
/musica/eduardo-costa/exemplo-das-paixoes.html	35	31	245.38095238095238	0.5625	0.4	0.0
/musica/exaltasamba/abandonado.html	35	33	170.1578947368421	0.6	0.45714285714285713	0.0
/musica/exaltasamba/eu-nao-consigo-sem-voce.html	35	30	158.11764705882354	0.6666666666666666	0.5142857142857142	0.0
/musica/fernanda-brum/amar-voce.html	35	32	275.7142857142857	0.4583333333333333	0.4	0.0
/musica/joao-bosco-e-vinicius/sem-esse-coracao.html	35	30	267.45454545454544	0.68	0.6857142857142857	0.0
/musica/lazaro/morar-no-ceu.html	35	29	198.36363636363637	0.42857142857142855	0.37142857142857144	0.0
/artista/bob-marley.html	34	20	82.4375	0.0	0.058823529411764705	0.0
/artista/fernanda-brum.html	34	13	43.851851851851855	1.0	0.20588235294117646	0.0
/letra/y.html	34	26	88.48148148148148	0.0	0.20588235294117646	0.0
/musica/abba/the-winner-takes-it-all.html	34	28	315.57142857142856	0.5384615384615384	0.38235294117647056	0.0
/musica/bruno-e-marrone/nao-faz-mais-isso-comigo.html	34	31	306.57894736842104	0.5789473684210527	0.4411764705882353	0.0
/musica/exaltasamba/teu-segredo.html	34	32	132.58823529411765	0.6666666666666666	0.5	0.0
/musica/michael-jackson/wanna-be-startin-somethin.html	34	21	193.6	0.5	0.4117647058823529	0.0
/musica/nando-reis/all-star.html	34	32	249.38888888888889	0.55	0.47058823529411764	0.0
/musica/sampa-crew/eterno-amor.html	34	32	470.4375	0.6666666666666666	0.5294117647058824	0.0
/musica/sorriso-maroto/por-voce.html	34	29	212.95652173913044	0.8181818181818182	0.3235294117647059	0.0
/artista/consciencia-humana.html	33	1	6.393939393939394	0.0	0.0	0.0
/artista/phil-collins.html	33	13	39.8	0.0	0.09090909090909091	0.0
/artista/quatro-por-um.html	33	2	25.0	0.0	0.0	0.0
/artista/ze-ramalho.html	33	7	39.0	0.0	0.030303030303030304	0.0
/musica/chimarruts/versos-simples.html	33	28	165.85714285714286	0.7	0.5757575757575758	0.0
/musica/fernanda-brum/nao-e-tarde.html	33	21	180.86363636363637	0.4	0.3333333333333333	0.0
/musica/justin-bieber/never-let-you-go.html	33	30	116.5	0.7619047619047619	0.6363636363636364	0.0
/musica/nxzero/espero-a-minha-vez.html	33	31	253.875	0.6521739130434783	0.5151515151515151	0.0
/musica/zeze-di-camargo-e-luciano/tarde-demais.html	33	27	199.5625	0.8235294117647058	0.5151515151515151	0.0
/artista/cazuza.html	32	12	22.774193548387096	0.0	0.03125	0.0
/artista/skank.html	32	17	85.92857142857143	0.0	0.125	0.0
/busca?q=shakira	32	23	69.76923076923077	0.25	0.1875	0.0
/musica/adalberto-adriano/culpados.html	32	28	205.46666666666667	0.6428571428571429	0.53125	0.0
/musica/barney/amo-voce.html	32	17	33.88235294117647	0.6875	0.46875	0.0
/musica/bee-gees/how-deep-is-your-love.html	32	26	325.11764705882354	0.5	0.46875	0.0
/musica/bruno-e-marrone/sou-eu.html	32	25	275.23809523809524	0.5333333333333333	0.34375	0.0
/musica/chris-brown/crawl.html	32	24	153.92857142857142	0.6	0.5625	0.0
/musica/engenheiros-do-hawaii/infinita-highway.html	32	27	286.6875	0.5789473684210527	0.5	0.0
/musica/exaltasamba/a-carta.html	32	23	146.875	0.47619047619047616	0.5	0.0
/musica/fernando-e-sorocaba/aqui-a-tristeza-pula-de-alegria.html	32	29	218.54545454545453	0.6956521739130435	0.65625	0.0
/musica/fernando-e-sorocaba/volta-la-pro-seu-lugar.html	32	31	279.5	1.0	0.625	0.0
/musica/garota-safada/anjo.html	32	24	50.5	0.6363636363636364	0.625	0.0
/musica/jorge-e-mateus/amor-nao-e-jogo-de-azar.html	32	28	151.05882352941177	0.75	0.46875	0.0
/musica/leo-magalhaes/locutor.html	32	28	107.0	0.6086956521739131	0.59375	0.0
/musica/molejo/voltei.html	32	29	243.9	0.6956521739130435	0.6875	0.0
/musica/paula-fernandes/debaixo-do-cacho.html	32	29	147.8695652173913	0.5555555555555556	0.28125	0.0
/musica/waldick-soriano/eu-nao-sou-cachorro-nao.html	32	27	64.0	0.9166666666666666	0.75	0.0
/musica/zeze-di-camargo-e-luciano/dou-a-vida-por-um-beijo.html	32	25	160.72222222222223	0.5	0.4375	0.0
/artista/alanis-morissette.html	31	8	87.66666666666667	0.0	0.03225806451612903	0.0
/artista/cassiane.html	31	9	68.1	0.0	0.03225806451612903	0.0
/busca?q=jorge+e+mateus	31	24	57.63636363636363	0.375	0.2903225806451613	0.0
/musica/cassiane-e-jairinho/o-tempo-nao-pode-apagar.html	31	25	452.14285714285717	0.6470588235294118	0.5483870967741935	0.0
/musica/eduardo-costa/sou-seu-fa-n-1.html	31	27	340.6470588235294	0.7333333333333333	0.45161290322580644	0.0
/musica/elvis-costello/she.html	31	22	109.0625	0.5	0.4838709677419355	0.0
/musica/extreme/more-than-words.html	31	20	444.36842105263156	0.35294117647058826	0.3870967741935484	0.0
/musica/fagner/noturno.html	31	22	193.4	0.8125	0.5161290322580645	0.0
/musica/fernando-e-sorocaba/a-casa-caiu.html	31	26	146.55	0.0	0.3548387096774194	0.0
/musica/hugo-e-tiago/o-amor-de-antes.html	31	26	140.47058823529412	0.5384615384615384	0.45161290322580644	0.0
/musica/journey/dont-stop-believin.html	31	29	380.5	0.5652173913043478	0.5483870967741935	0.0
/musica/mariah-carey/hero.html	31	26	475.2857142857143	0.5555555555555556	0.5483870967741935	0.0
/musica/milionario-e-jose-rico/solidao.html	31	27	149.4	0.5909090909090909	0.5161290322580645	0.0
/musica/paulo-ricardo/dois.html	31	24	248.16666666666666	0.6	0.41935483870967744	0.0
/musica/raul-seixas/gita.html	31	22	167.75	0.5294117647058824	0.4838709677419355	0.0
/musica/restart/amanhecer-no-teu-olhar.html	31	26	115.88888888888889	0.4166666666666667	0.41935483870967744	0.0
/musica/shania-twain/youre-still-the-one.html	31	30	181.25	0.85	0.6129032258064516	0.0
/musica/tim-maia/voce.html	31	22	152.55	0.75	0.3548387096774194	0.0
/musica/victor-leo/sem-voce.html	31	29	93.57894736842105	0.6153846153846154	0.3870967741935484	0.0
/musica/victor-leo/timidez.html	31	27	127.41176470588235	0.6666666666666666	0.45161290322580644	0.0
/artista/altemar-dutra.html	30	3	26.7	0.0	0.0	0.0
/artista/banda-eva.html	30	9	36.22222222222222	0.0	0.1	0.0
/artista/coldplay.html	30	11	17.5	0.0	0.06666666666666667	0.0
/artista/eros-ramazzotti.html?fb_xd_fragment=	30	4	28.379310344827587	0.0	0.03333333333333333	0.0
/artista/grupo-revelacao.html	30	17	153.19230769230768	1.0	0.13333333333333333	0.0
/artista/gusttavo-lima.html?fb_xd_fragment=	30	1	8.233333333333333	0.0	0.0	0.0
/artista/katinguele.html	30	3	29.766666666666666	0.0	0.0	0.0
/artista/racionais-mcs.html	30	19	83.55555555555556	0.0	0.1	0.0
/musica/adriana-calcanhoto/mais-feliz.html	30	22	276.8181818181818	0.29411764705882354	0.26666666666666666	0.0
/musica/colbie-caillat/you-got-me-traducao.html	30	24	602.875	0.0	0.7333333333333333	0.0
/musica/colbie-caillat/you-got-me.html	30	24	1.0	0.0	0.06666666666666667	0.0
/musica/djavan/flor-de-lis.html	30	25	166.33333333333334	0.6153846153846154	0.4	0.0
/musica/exaltasamba/livre-pra-voar.html	30	26	114.8	0.7222222222222222	0.6666666666666666	0.0
/musica/fernando-e-sorocaba/estrela-solitaria.html	30	29	140.0952380952381	0.5	0.3	0.0
/musica/grupo-revelacao/coracao-blindado.html	30	27	108.16666666666667	0.6363636363636364	0.6	0.0
/musica/guilherme-e-santiago/do-outro-lado-da-cidade.html	30	26	288.2	0.9	0.6666666666666666	0.0
/musica/guns-n-roses/november-rain.html	30	27	311.25	0.8	0.6	0.0
/musica/joao-carreiro-e-capataz/faculdade-da-pinga.html	30	29	187.57142857142858	0.8421052631578947	0.7666666666666667	0.0
/musica/jorge-e-mateus/so-falta-voce.html	30	28	92.82352941176471	0.7	0.43333333333333335	0.0
/musica/michel-telo/ei-psiu-beijo-me-liga.html	30	26	174.11111111111111	0.7647058823529411	0.7	0.0
/musica/pink-floyd/comfortably-numb.html	30	25	338.6923076923077	0.55	0.5666666666666667	0.0
/musica/restart/vou-cantar.html	30	28	172.85714285714286	0.7142857142857143	0.5333333333333333	0.0
/musica/shakira/si-te-vas.html	30	27	196.88235294117646	0.6	0.43333333333333335	0.0
/musica/sorriso-maroto/e-agora-nos.html	30	27	318.625	0.7272727272727273	0.4666666666666667	0.0
/musica/sorriso-maroto/em-suas-maos.html	30	26	235.23529411764707	0.7	0.43333333333333335	0.0
/musica/vanessa-da-mata/vermelho.html	30	28	214.07692307692307	0.7857142857142857	0.5666666666666667	0.0
/artista/iron-maiden.html	29	12	53.19230769230769	0.0	0.10344827586206896	0.0
/artista/pimentas.html	29	2	19.607142857142858	0.0	0.034482758620689655	0.0
/musica/ana-carolina/alguem-me-disse.html	29	27	139.0625	0.6666666666666666	0.4482758620689655	0.0
/musica/ana-carolina/e-isso-ai-(the-blowers-daughter).html	29	29	470.44444444444446	0.8333333333333334	0.6896551724137931	0.0
/musica/banda-nechivile/perdoa.html	29	21	71.35714285714286	0.5625	0.5172413793103449	0.0
/musica/bruno-e-marrone/te-amo-tanto-(tanto-cara).html	29	18	58.875	0.75	0.4482758620689655	0.0
/musica/eduardo-costa/melhor-ou-pior.html	29	21	127.5	0.4444444444444444	0.3103448275862069	0.0
/musica/exaltasamba/a-gente-bota-pra-quebrar.html	29	26	173.85714285714286	0.5833333333333334	0.5172413793103449	0.0
/musica/eyshila/nada-pode-calar-um-adorador.html	29	23	272.3888888888889	0.5	0.3793103448275862	0.0
/musica/isa-tkm/te-regalo-mi-amor.html	29	25	142.0909090909091	0.5	0.2413793103448276	0.0
/musica/lazaro/amigo-oh-gloria.html	29	22	200.0	0.5555555555555556	0.4482758620689655	0.0
/musica/los-hermanos/ultimo-romance.html	29	23	259.8333333333333	0.6	0.3793103448275862	0.0
/musica/molejo/cacamba.html	29	24	154.53846153846155	0.6111111111111112	0.5517241379310345	0.0
/musica/peter-frampton/show-me-the-way.html	29	25	424.27272727272725	0.7272727272727273	0.6206896551724138	0.0
/musica/pitty/na-sua-estante.html	29	26	299.53846153846155	0.6428571428571429	0.5517241379310345	0.0
/musica/restart/lembrancas.html	29	27	99.75	0.875	0.7241379310344828	0.0
/musica/sorriso-maroto/me-espera.html	29	27	118.13333333333334	0.6	0.4827586206896552	0.0
/musica/teen-angels/nena.html	29	25	119.53846153846153	0.7272727272727273	0.5517241379310345	0.0
/musica/victor-leo/muito-natural.html	29	26	327.1111111111111	0.5384615384615384	0.3793103448275862	0.0
/musica/victor-leo/sinto-falta-de-voce.html	29	25	207.375	0.46153846153846156	0.4482758620689655	0.0
/artista/edith-piaf.html	28	8	57.38461538461539	0.0	0.07142857142857142	0.0
/artista/elvis-presley.html	28	16	50.84	0.0	0.10714285714285714	0.0
/artista/kings-of-leon.html	28	15	25.192307692307693	0.5	0.07142857142857142	0.0
/artista/nelly.html	28	8	40.40909090909091	0.0	0.21428571428571427	0.0
/artista/voz-da-verdade.html	28	5	21.14814814814815	0.0	0.03571428571428571	0.0
/busca?q=firework	28	24	45.714285714285715	0.14285714285714285	0.25	0.0
/musica/amado-batista/princesa.html	28	22	232.0	0.75	0.6785714285714286	0.0
/musica/capital-inicial/fatima.html	28	24	199.21428571428572	0.6875	0.5	0.0
/musica/cazuza/so-se-for-a-dois.html	28	25	238.25	0.4166666666666667	0.2857142857142857	0.0
/musica/chimarruts/saber-voar.html	28	22	267.54545454545456	0.6923076923076923	0.6071428571428571	0.0
/musica/eduardo-costa/presente-de-deus.html	28	23	121.66666666666667	0.6	0.35714285714285715	0.0
/musica/eduardo-costa/primeiro-de-abril.html	28	21	175.57894736842104	0.5	0.32142857142857145	0.0
/musica/jamily/deus-e-maior.html	28	24	346.8666666666667	0.6153846153846154	0.4642857142857143	0.0
/musica/jorge-e-mateus/200-por-hora.html	28	24	107.0	1.0	0.17857142857142858	0.0
/musica/jota-quest/facil.html	28	25	264.6	0.75	0.6428571428571429	0.0
/musica/jota-quest/palavras-de-um-futuro-bom.html	28	25	263.9	0.4666666666666667	0.2857142857142857	0.0
/musica/justin-bieber/love-me.html	28	24	229.84615384615384	0.6666666666666666	0.5357142857142857	0.0
/musica/mariana-valadao/eu-escolho-te-louvar.html	28	28	648.6666666666666	0.8928571428571429	0.8928571428571429	0.0
/musica/rihanna/take-a-bow.html	28	23	426.8235294117647	0.35714285714285715	0.39285714285714285	0.0
/musica/teen-angels/nenes-bien.html	28	22	263.63157894736844	0.46153846153846156	0.32142857142857145	0.0
/musica/victor-leo/amigo-apaixonado.html	28	26	145.15384615384616	0.5454545454545454	0.5357142857142857	0.0
/musica/victor-leo/o-granfino-e-o-caipira.html	28	27	421.875	0.7391304347826086	0.7142857142857143	0.0
/artista/fabio-jr.html	27	11	46.57692307692308	0.0	0.037037037037037035	0.0
/artista/jorge-aragao.html	27	7	101.95833333333333	0.0	0.1111111111111111	0.0
/artista/los-hermanos.html	27	14	31.26923076923077	0.0	0.037037037037037035	0.0
/artista/nickelback.html	27	8	49.6	0.0	0.07407407407407407	0.0
/artista/oswaldo-montenegro.html	27	4	21.40740740740741	0.0	0.0	0.0
/artista/pato-fu.html	27	6	28.73076923076923	0.0	0.037037037037037035	0.0
/artista/ricky-vallen.html	27	4	29.703703703703702	0.0	0.0	0.0
/artista/the-cranberries.html	27	5	21.074074074074073	0.0	0.0	0.0
/busca?q=belo	27	16	33.541666666666664	0.14285714285714285	0.1111111111111111	0.0
/busca?q=beyonce	27	18	42.0	0.2222222222222222	0.25925925925925924	0.0
/musica/ana-carolina/resta.html	27	22	154.33333333333334	0.5454545454545454	0.3333333333333333	0.0
/musica/bruno-e-marrone/amor-nao-vai-faltar.html	27	21	133.7058823529412	0.5454545454545454	0.37037037037037035	0.0
/musica/claudia-leitte/pensando-em-voce.html	27	23	152.23076923076923	0.6470588235294118	0.5185185185185185	0.0
/musica/diogo-nogueira/voce-abusou.html	27	21	301.3333333333333	0.5333333333333333	0.4444444444444444	0.0
/musica/djavan/sina.html	27	24	178.66666666666666	0.75	0.3333333333333333	0.0
/musica/eduardo-costa/cachaceiro.html	27	21	70.6	0.6153846153846154	0.4444444444444444	0.0
/musica/fernando-e-sorocaba/chorei-largado.html	27	25	100.41666666666667	0.7857142857142857	0.5555555555555556	0.0
/musica/lady-gaga/alejandro-traducao.html	27	27	148.25	0.0	0.25925925925925924	0.0
/musica/leo-magalhaes/cara-errado.html	27	16	293.94444444444446	0.36363636363636365	0.3333333333333333	0.0