/musica/paula-fernandes/passaro-de-fogo.html	1341	1099	215.92076069730587	0.6029411764705882	0.5294556301267711	0.0
/musica/fernando-e-sorocaba/madri.html	1198	990	144.2806324110672	0.6443914081145584	0.5776293823038398	0.0
/letra/a.html	1000	777	114.3135593220339	0.3465045592705167	0.292	0.0
/musica/amy-winehouse/rehab.html	914	760	224.52325581395348	0.5766871165644172	0.5295404814004376	0.0
/letra/b.html	753	587	108.4945652173913	0.22972972972972974	0.26693227091633465	0.0
/letra/m.html	753	575	121.36100386100387	0.326271186440678	0.31208499335989376	0.0
/letra/c.html	626	470	94.00207468879668	0.2835820895522388	0.23003194888178913	0.0
/artista/jorge-e-mateus.html	605	307	63.75975359342916	0.22413793103448276	0.19504132231404958	0.0
/letra/j.html	598	451	97.53444676409185	0.19444444444444445	0.19899665551839466	0.0
/letra/r.html	587	448	96.23899371069183	0.15609756097560976	0.18739352640545145	0.0
/musica/edward-maya/stereo-love-feat-maya.html	563	474	170.2016806722689	0.6381766381766382	0.5772646536412078	0.0
/letra/e.html	553	405	82.08685968819599	0.14857142857142858	0.18806509945750452	0.0
/letra/s.html	514	399	120.1432664756447	0.35135135135135137	0.321011673151751	0.0
/artista/katy-perry.html	495	314	77.26684636118598	0.2289156626506024	0.2505050505050505	0.0
/letra/l.html	483	360	86.35340314136126	0.21621621621621623	0.20910973084886128	0.0
/artista/paula-fernandes.html	481	230	43.88248337028825	0.36363636363636365	0.062370062370062374	0.0
/musica/ke$ha/your-love-is-my-drug.html	466	423	168.73267326732673	0.6329113924050633	0.5665236051502146	0.0
/artista/fernando-e-sorocaba.html	465	232	39.53846153846154	0.175	0.13333333333333333	0.0
/musica/amy-winehouse/you-know-im-no-good.html	392	336	216.89908256880733	0.5632183908045977	0.44387755102040816	0.0
/letra/p.html	389	302	76.32704402515724	0.17757009345794392	0.18251928020565553	0.0
/letra/t.html	389	314	114.94326241134752	0.24761904761904763	0.2750642673521851	0.0
/musica/justin-bieber/baby.html	347	296	215.0859375	0.6869158878504673	0.6311239193083573	0.0
/musica/luan-santana/meteoro.html	334	279	183.20253164556962	0.6331658291457286	0.5269461077844312	0.0
/artista/lady-gaga.html	329	182	41.89642857142857	0.2	0.14893617021276595	0.0
/letra/f.html	329	262	67.73703703703704	0.20253164556962025	0.17933130699088146	0.0
/artista/aerosmith.html	323	92	128.83783783783784	0.1875	0.08359133126934984	0.0
/artista/beyonce.html	313	144	68.45353159851301	0.12698412698412698	0.14057507987220447	0.0
/musica/amy-winehouse/back-to-black.html	301	262	276.76646706586826	0.5981308411214953	0.44518272425249167	0.0
/letra/d.html	300	243	90.48660714285714	0.29347826086956524	0.25333333333333335	0.0
/letra/g.html	286	216	94.37610619469027	0.27848101265822783	0.2097902097902098	0.0
/musica/paula-fernandes/meu-eu-em-voce.html	283	228	189.25595238095238	0.53	0.40636042402826855	0.0
/musica/paula-fernandes/chuva-chover.html	271	236	195.16438356164383	0.5985915492957746	0.4612546125461255	0.0
/musica/lady-gaga/alejandro.html	267	226	232.84962406015038	0.6635514018691588	0.50187265917603	0.0
/artista/bruno-e-marrone.html	266	146	53.0548523206751	0.3333333333333333	0.10902255639097744	0.0
/artista/black-eyed-peas.html	265	173	74.38805970149254	0.2894736842105263	0.24150943396226415	0.0
/artista/benito-di-paula.html	260	6	12.4031007751938	0.0	0.007692307692307693	0.0
/letra/n.html	251	192	77.8252427184466	0.19753086419753085	0.17928286852589642	0.0
/artista/amy-winehouse.html	249	91	29.52888888888889	0.5	0.0963855421686747	0.0
/artista/victor-leo.html	244	129	39.397260273972606	0.1	0.10245901639344263	0.0
/musica/roberto-carlos/a-mulher-que-eu-amo.html	231	190	104.59398496240601	0.686046511627907	0.42424242424242425	0.0
/letra/w.html	230	73	129.58490566037736	0.1935483870967742	0.0782608695652174	0.0
/letra/k.html	223	162	69.94300518134715	0.2	0.13452914798206278	0.0
/musica/victor-leo/borboletas.html	219	186	167.5096153846154	0.6363636363636364	0.5251141552511416	0.0
/artista/ana-carolina.html	200	67	57.70899470899471	0.0	0.055	0.0
/musica/paula-fernandes/sem-voce.html	198	174	204.76923076923077	0.5616438356164384	0.3434343434343434	0.0
/artista/jason-mraz.html	197	150	53.282051282051285	0.5083333333333333	0.40609137055837563	0.0
/artista/avril-lavigne.html	191	43	133.7674418604651	0.3157894736842105	0.09947643979057591	0.0
/musica/amy-winehouse/me-e-mr-jones.html	191	171	143.73949579831933	0.603448275862069	0.3769633507853403	0.0
/musica/bruno-e-marrone/pra-nao-morrer-de-amor.html	191	160	133.7922077922078	0.6717557251908397	0.5968586387434555	0.0
/musica/lady-gaga/bad-romance.html	189	161	189.8988764044944	0.6630434782608695	0.5291005291005291	0.0
/musica/paula-fernandes/quero-sim.html	188	173	226.07291666666666	0.632183908045977	0.48936170212765956	0.0
/artista/luan-santana.html	179	86	65.76623376623377	0.14814814814814814	0.13966480446927373	0.0
/artista/michael-jackson.html	177	61	51.20779220779221	0.28	0.12994350282485875	0.0
/letra/i.html	177	136	60.99324324324324	0.13043478260869565	0.1638418079096045	0.0
/artista/zeze-di-camargo-e-luciano.html	171	75	38.87417218543046	0.0	0.11695906432748537	0.0
/musica/guilherme-e-santiago/e-dai.html	171	153	241.72151898734177	0.6909090909090909	0.5380116959064327	0.0
/artista/justin-bieber.html	167	83	39.732394366197184	0.2222222222222222	0.1497005988023952	0.0
/musica/victor-leo/ao-vivo-e-em-cores.html	164	146	143.32142857142858	0.5742574257425742	0.4878048780487805	0.0
/artista/edward-maya.html	161	98	32.082089552238806	0.2894736842105263	0.16770186335403728	0.0
/artista/chitaozinho-xororo.html	154	7	16.15032679738562	0.0	0.006493506493506494	0.0
/letra/h.html	142	107	61.032786885245905	0.17647058823529413	0.14084507042253522	0.0
/letra/v.html	142	113	76.13761467889908	0.16	0.2323943661971831	0.0
/artista/eduardo-costa.html	141	82	43.031496062992126	0.5	0.09929078014184398	0.0
/musica/paula-fernandes/complicado-demais.html	141	125	198.6081081081081	0.7115384615384616	0.475177304964539	0.0
/artista/john-lennon.html	139	56	33.08620689655172	0.17073170731707318	0.16546762589928057	0.0
/musica/aerosmith/aint-enough.html	138	27	238.2704918032787	0.1111111111111111	0.11594202898550725	0.0
/musica/amy-winehouse/love-is-a-losing-game.html	137	122	199.79787234042553	0.5208333333333334	0.31386861313868614	0.0
/artista/roberto-carlos.html	136	53	54.38582677165354	0.0	0.0661764705882353	0.0
/musica/charlie-brown-jr/so-os-loucos-sabem.html	136	83	124.86585365853658	0.6981132075471698	0.39705882352941174	0.0
/artista/queen.html	133	65	104.23584905660377	0.2972972972972973	0.20300751879699247	0.0
/musica/eduardo-costa/a-carta.html	125	102	191.79032258064515	0.6153846153846154	0.504	0.0
/musica/restart/levo-comigo.html	125	107	219.71014492753622	0.559322033898305	0.448	0.0
/musica/paula-fernandes/jeito-de-mato.html	121	103	303.51851851851853	0.6666666666666666	0.5537190082644629	0.0
/letra/o.html	116	81	74.54347826086956	0.16	0.20689655172413793	0.0
/musica/exaltasamba/gamei.html	115	100	249.20454545454547	0.6455696202531646	0.6173913043478261	0.0
/musica/fernando-e-sorocaba/bala-de-prata.html	115	94	104.83333333333333	0.7105263157894737	0.6347826086956522	0.0
/musica/amy-winehouse/tears-dry-on-their-own.html	114	104	253.5438596491228	0.6923076923076923	0.5	0.0
/top/musicas.html	113	74	74.30927835051547	0.23076923076923078	0.1415929203539823	0.0
/musica/beyonce-featuring-jay-z/halo.html	112	89	250.12280701754386	0.5535714285714286	0.49107142857142855	0.0
/musica/black-eyed-peas/i-gotta-feeling.html	111	99	257.51020408163265	0.6470588235294118	0.5585585585585585	0.0
/musica/joao-bosco-e-vinicius/chorame-liga.html	107	95	156.6590909090909	0.7361111111111112	0.5887850467289719	0.0
/artista/restart.html	106	58	43.142857142857146	0.23529411764705882	0.14150943396226415	0.0
/musica/luan-santana/to-de-cara.html	105	81	95.30909090909091	0.5964912280701754	0.47619047619047616	0.0
/letra/z.html	103	78	55.03409090909091	0.0	0.14563106796116504	0.0
/artista/shakira.html	101	53	81.01315789473684	0.5714285714285714	0.24752475247524752	0.0
/musica/eduardo-costa/nao-valeu-pra-voce.html	101	80	163.06521739130434	0.6451612903225806	0.5445544554455446	0.0
/musica/victor-leo/estrela-cadente.html	101	88	141.01818181818183	0.5510204081632653	0.45544554455445546	0.0
/musica/pitty/so-agora.html	100	93	197.25	0.8072289156626506	0.76	0.0
/musica/regis-danese/faz-um-milagre-em-mim.html	100	78	224.86666666666667	0.6551724137931034	0.55	0.0
/artista/u2.html	99	37	43.10526315789474	1.0	0.04040404040404041	0.0
/musica/shakira/gipsy.html	99	81	174.88059701492537	0.39473684210526316	0.32323232323232326	0.0
/musica/fernando-e-sorocaba/paga-pau.html	98	77	151.07407407407408	0.6410256410256411	0.4489795918367347	0.0
/musica/train/hey-soul-sister.html	98	88	362.45454545454544	0.7538461538461538	0.6632653061224489	0.0
/musica/aline-barros/sonda-me-usa-me.html	97	79	290.2857142857143	0.5660377358490566	0.4948453608247423	0.0
/musica/paula-fernandes/sede-de-amor.html	95	83	251.77272727272728	0.47058823529411764	0.30526315789473685	0.0
/musica/paula-fernandes/cheiro-de-relva.html	93	73	215.4	0.5142857142857142	0.3548387096774194	0.0
/musica/ke$ha/tik-tok.html	92	83	330.225	0.5857142857142857	0.5652173913043478	0.0
/musica/victor-leo/deus-e-eu-no-sertao.html	90	77	236.86363636363637	0.6444444444444445	0.5111111111111111	0.0
/musica/aline-barros-e-cia/pula-pula.html	89	69	166.47368421052633	0.6071428571428571	0.5730337078651685	0.0
/musica/paula-fernandes/pra-que-inventaram-o-amor.html	89	84	201.74545454545455	0.6	0.38202247191011235	0.0
/musica/roupa-nova/dona.html	89	75	267.6923076923077	0.5833333333333334	0.5617977528089888	0.0
/musica/amy-winehouse/fuck-me-pumps.html	87	79	234.84782608695653	0.5945945945945946	0.47126436781609193	0.0
/musica/mariah-carey/i-want-to-know-what-love-is.html	87	81	288.9024390243902	0.673469387755102	0.5287356321839081	0.0
/musica/sorriso-maroto/sinais.html	86	77	214.08695652173913	0.5272727272727272	0.46511627906976744	0.0
/musica/exaltasamba/valeu.html	85	75	180.4375	0.6545454545454545	0.6235294117647059	0.0
/musica/amy-winehouse/just-friends.html	84	75	218.23076923076923	0.42105263157894735	0.2261904761904762	0.0
/musica/jorge-e-mateus/vou-fazer-pirraca.html	84	78	200.7906976744186	0.6842105263157895	0.4880952380952381	0.0
/letra/u.html	82	61	58.66216216216216	0.13043478260869565	0.0975609756097561	0.0
/artista/michel-telo.html	81	41	37.04615384615385	0.3333333333333333	0.19753086419753085	0.0
/musica/beyonce-featuring-jay-z/if-i-were-a-boy.html	81	67	276.94117647058823	0.7837837837837838	0.5802469135802469	0.0
/musica/paula-fernandes/vai.html	81	76	227.625	0.6551724137931034	0.4074074074074074	0.0
/musica/restart/recomecar.html	80	69	253.7027027027027	0.6481481481481481	0.5375	0.0
/musica/exaltasamba/fui.html	79	67	172.97222222222223	0.6829268292682927	0.5443037974683544	0.0
/musica/journey/dont-stop-believin.html	78	70	251.4	0.5714285714285714	0.5512820512820513	0.0
/musica/luan-santana/jogo-do-amor.html	78	61	225.46153846153845	0.725	0.5	0.0
/musica/ana-carolina/entreolhares.html	77	71	346.6470588235294	0.6739130434782609	0.5584415584415584	0.0
/musica/luan-santana/sempre-com-voce.html	77	67	177.1081081081081	0.6041666666666666	0.5194805194805194	0.0
/musica/nando-reis/pra-voce-guardei-o-amor.html	77	65	352.25925925925924	0.7446808510638298	0.6493506493506493	0.0
/musica/eduardo-costa/feito-tatuagem.html	76	63	201.31428571428572	0.6829268292682927	0.5394736842105263	0.0
/musica/amy-winehouse/monkey-man.html	75	69	248.41304347826087	0.5769230769230769	0.38666666666666666	0.0
/musica/victor-leo/fada.html	75	66	310.2	0.75	0.6666666666666666	0.0
/artista/ivete-sangalo.html	74	40	64.40322580645162	1.0	0.16216216216216217	0.0
/musica/beyonce/sweet-dreams.html	74	67	258.6764705882353	0.6666666666666666	0.5405405405405406	0.0
/musica/janaynna-targino/sacanagem-tua.html	74	70	156.28571428571428	0.6976744186046512	0.527027027027027	0.0
/musica/sorriso-maroto/futuro-prometido.html	74	63	135.76923076923077	0.8076923076923077	0.6486486486486487	0.0
/musica/victor-leo/tem-que-ser-voce.html	74	68	197.23076923076923	0.7352941176470589	0.47297297297297297	0.0
/artista/raimundos.html	73	11	34.54929577464789	0.0	0.0273972602739726	0.0
/musica/jorge-e-mateus/voa-beija-flor.html	73	65	213.59574468085106	0.52	0.3561643835616438	0.0
/musica/lazaro/meu-mestre.html	73	58	176.13888888888889	0.5714285714285714	0.5068493150684932	0.0
/musica/eduardo-costa/quem-foi-que-disse.html	72	53	133.175	0.5365853658536586	0.4444444444444444	0.0
/musica/rihanna/te-amo.html	72	65	239.04	0.7777777777777778	0.6527777777777778	0.0
/letra/q.html	71	49	62.483870967741936	0.0	0.1267605633802817	0.0
/musica/justin-bieber/one-time.html	71	65	202.11428571428573	0.5277777777777778	0.5070422535211268	0.0
/musica/victor-leo/voce-sabia.html	70	57	213.6578947368421	0.6857142857142857	0.45714285714285713	0.0
/artista/rihanna.html	69	36	63.13559322033898	0.0	0.14492753623188406	0.0
/musica/luan-santana/chocolate.html	69	55	199.80645161290323	0.7567567567567568	0.5507246376811594	0.0
/artista/sorriso-maroto.html	68	29	75.96610169491525	1.0	0.1323529411764706	0.0
/artista/bob-marley.html	67	20	27.1875	0.0	0.04477611940298507	0.0
/musica/michel-telo/ei-psiu-beijo-me-liga.html	67	47	127.23076923076923	0.6206896551724138	0.417910447761194	0.0
/musica/victor-leo/nada-normal.html	67	55	195.88571428571427	0.6923076923076923	0.47761194029850745	0.0
/musica/black-eyed-peas/meet-me-halfway.html	65	61	274.14814814814815	0.7857142857142857	0.5846153846153846	0.0
/musica/miley-cyrus/one-in-a-million.html	65	63	63.41379310344828	0.5	0.5538461538461539	0.0
/musica/rihanna/rude-boy.html	65	56	212.52777777777777	0.5897435897435898	0.4461538461538462	0.0
/musica/rita-lee/tititi.html	65	58	147.96153846153845	0.66	0.6	0.0
/musica/lady-gaga/paparazzi.html	64	50	175.73529411764707	0.68	0.46875	0.0
/artista/elvis-presley.html	63	18	40.08771929824562	0.5	0.09523809523809523	0.0
/artista/exaltasamba-musicas.html	63	40	74.79591836734694	0.0	0.2222222222222222	0.0
/musica/ana-carolina/garganta.html	63	57	252.61111111111111	0.5428571428571428	0.42857142857142855	0.0
/musica/fabio-jr/pai.html	63	47	144.4375	0.5526315789473685	0.49206349206349204	0.0
/artista/pink-floyd.html	62	17	25.56896551724138	0.0	0.06451612903225806	0.0
/artista/vanessa-da-mata.html	62	11	20.116666666666667	0.0	0.03225806451612903	0.0
/musica/fernando-e-sorocaba/vem-ficar-do-meu-lado.html	62	48	132.73529411764707	0.5666666666666667	0.45161290322580644	0.0
/musica/amy-winehouse/know-you-now.html	61	56	213.8139534883721	0.42857142857142855	0.29508196721311475	0.0
/musica/ana-carolina/velas-e-vento.html	61	58	159.625	0.7619047619047619	0.6065573770491803	0.0
/busca?q=shakira	60	23	32.46	0.2222222222222222	0.16666666666666666	0.0
/musica/claudia-leitte/as-mascaras.html	60	53	280.9	0.5151515151515151	0.5	0.0
/musica/jorge-e-mateus/misterios.html	60	43	87.29411764705883	0.7407407407407407	0.43333333333333335	0.0
/musica/luan-santana/aqui-e-o-seu-lugar.html	60	51	175.36	0.7241379310344828	0.5833333333333334	0.0
/top/artistas.html	60	37	53.51923076923077	0.0	0.13333333333333333	0.0
/musica/lady-gaga/telephone-feat-beyonce.html	59	52	340.39130434782606	0.7647058823529411	0.6101694915254238	0.0
/musica/luan-santana/sinais.html	59	49	145.46341463414635	0.3181818181818182	0.3050847457627119	0.0
/musica/teen-angels/hay-un-lugar.html	59	51	169.0	0.5161290322580645	0.5423728813559322	0.0
/artista/exaltasamba.html	57	39	38.81818181818182	0.0	0.22807017543859648	0.0
/musica/jorge-e-mateus/de-tanto-te-querer.html	57	46	146.45714285714286	0.5454545454545454	0.38596491228070173	0.0
/artista/nelson-goncalves.html	56	6	15.375	0.0	0.0	0.0
/musica/aline-barros-e-cia/homenzinho-torto.html	56	38	143.2972972972973	0.5652173913043478	0.3392857142857143	0.0
/musica/amy-winehouse/cupid.html	55	48	134.17857142857142	0.6086956521739131	0.4909090909090909	0.0
/musica/fernando-e-sorocaba/da-cor-do-pecado.html	55	48	133.06666666666666	0.6	0.45454545454545453	0.0
/artista/amado-batista.html	54	23	73.46808510638297	0.5	0.12962962962962962	0.0
/artista/bon-jovi.html	54	30	50.36734693877551	0.0	0.09259259259259259	0.0
/artista/maroon-5.html	54	41	73.89655172413794	0.5	0.46296296296296297	0.0
/musica/hugo-pena-e-gabriel/to-nem-ai.html	54	49	234.28125	0.5833333333333334	0.4074074074074074	0.0
/musica/miley-cyrus/party-in-the-usa.html	54	46	250.31034482758622	0.6129032258064516	0.46296296296296297	0.0
/musica/teen-angels/a-ver-si-pueden.html	54	50	272.17391304347825	0.5833333333333334	0.5740740740740741	0.0
/musica/vanessa-da-mata/amado.html	54	49	283.22857142857146	0.5714285714285714	0.35185185185185186	0.0
/artista/nando-reis.html	53	16	67.96153846153847	0.0	0.018867924528301886	0.0
/busca?q=	53	46	76.36111111111111	0.36363636363636365	0.32075471698113206	0.0
/musica/bruno-e-marrone/sonho-louco.html	53	45	152.32258064516128	0.4827586206896552	0.41509433962264153	0.0
/musica/guns-n-roses/patience.html	53	51	412.0	0.6785714285714286	0.5283018867924528	0.0
/musica/jamily/conquistando-o-impossivel.html	53	43	293.92	0.7083333333333334	0.5283018867924528	0.0
/musica/shakira/estoy-aqui.html	53	45	260.8333333333333	0.7037037037037037	0.5471698113207547	0.0
/musica/jorge-e-mateus/o-mundo-e-tao-pequeno.html	52	45	154.48387096774192	0.65	0.40384615384615385	0.0
/musica/pitty/me-adora.html	52	48	234.71428571428572	0.6666666666666666	0.5961538461538461	0.0
/musica/roupa-nova/volta-pra-mim.html	52	44	295.962962962963	0.7272727272727273	0.4807692307692308	0.0
/musica/zeze-di-camargo-e-luciano/eu-e-meu-pai.html	52	36	129.03703703703704	0.5714285714285714	0.4807692307692308	0.0
/artista/backstreet-boys.html	51	17	51.10204081632653	0.0	0.0392156862745098	0.0
/musica/roupa-nova/a-forca-do-amor.html	51	34	172.33333333333334	0.3333333333333333	0.23529411764705882	0.0
/musica/ana-carolina/nada-pra-mim.html	50	41	222.3793103448276	0.6842105263157895	0.42	0.0
/musica/belo/reiventar.html	50	44	226.92592592592592	0.68	0.46	0.0
/musica/djavan/oceano.html	50	36	136.1	0.6666666666666666	0.4	0.0
/musica/jorge-e-mateus/querendo-te-amar.html	50	45	124.51428571428572	0.45	0.3	0.0
/artista/def-leppard.html	49	33	43.26470588235294	0.25806451612903225	0.30612244897959184	0.0
/artista/marco-brasil.html	49	1	28.142857142857142	0.0	0.0	0.0
/letra/x.html	49	27	150.43478260869566	0.0	0.061224489795918366	0.0
/musica/beyonce/ego.html	49	42	178.39285714285714	0.5517241379310345	0.42857142857142855	0.0
/musica/padre-marcelo-rossi/anjos-de-resgate.html	49	40	182.63636363636363	0.6129032258064516	0.5510204081632653	0.0
/musica/paula-fernandes/danca-menina.html	49	43	161.4857142857143	0.6666666666666666	0.2857142857142857	0.0
/musica/victor-leo/nao-mais.html	49	44	264.8965517241379	0.6	0.40816326530612246	0.0
/musica/ze-henrique-e-gabriel/o-que-combina-comigo-e-voce.html	49	48	144.875	0.76	0.5102040816326531	0.0
/artista/roupa-nova.html	48	20	35.45652173913044	0.0	0.041666666666666664	0.0
/musica/marcos-e-belutti/perdoa-amor.html	48	42	105.18181818181819	0.6956521739130435	0.5416666666666666	0.0
/musica/paula-fernandes/debaixo-do-cacho.html	48	46	128.96875	0.6875	0.3333333333333333	0.0
/musica/rihanna/russian-roulette.html	48	45	292.6	0.7272727272727273	0.4791666666666667	0.0
/artista/jonas-brothers.html	47	11	26.74418604651163	1.0	0.0851063829787234	0.0
/musica/ana-carolina/e-isso-ai-(the-blowers-daughter).html	47	42	315.53333333333336	0.8275862068965517	0.6808510638297872	0.0
/musica/beyonce-featuring-jay-z/single-ladies-(put-a-ring-on-it).html	47	43	266.63157894736844	0.6956521739130435	0.5957446808510638	0.0
/musica/jorge-e-mateus/espelho.html	47	45	161.32142857142858	0.5789473684210527	0.40425531914893614	0.0
/musica/jorge-e-mateus/onde-haja-sol.html	47	44	202.71428571428572	0.6086956521739131	0.40425531914893614	0.0
/musica/michael-jackson/human-nature.html	47	45	177.07142857142858	0.8	0.7021276595744681	0.0
/musica/zeze-di-camargo-e-luciano/tarde-demais.html	47	40	171.16666666666666	0.7307692307692307	0.48936170212765956	0.0
/musica/bruno-e-marrone/pode-ir-embora.html	46	41	309.48148148148147	0.5263157894736842	0.41304347826086957	0.0
/musica/charlie-brown-jr/dona-do-meu-pensamento.html	46	44	194.04166666666666	0.5925925925925926	0.4782608695652174	0.0
/musica/rosa-de-saron/sem-voce.html	46	41	196.0	0.5833333333333334	0.5217391304347826	0.0
/artista/joe-cocker.html	45	5	35.63636363636363	0.0	0.022222222222222223	0.0
/musica/abba/dancing-queen.html	45	42	326.9166666666667	0.6538461538461539	0.4666666666666667	0.0
/musica/cleiton-e-huggo/me-de-um-sinal.html	45	40	93.13636363636364	0.6363636363636364	0.5111111111111111	0.0
/musica/grupo-revelacao/ta-escrito.html	45	45	233.88235294117646	0.6153846153846154	0.6222222222222222	0.0
/artista/racionais-mcs.html	44	16	34.80487804878049	0.0	0.06818181818181818	0.0
/busca?q=roberto+carlos	44	24	54.8	0.36363636363636365	0.20454545454545456	0.0
/musica/imperio-das-cocotas/perfil-das-recalcadas.html	44	40	545.75	0.9	0.9090909090909091	0.0
/musica/jorge-e-mateus/amor-nao-e-jogo-de-azar.html	44	40	175.62962962962962	0.5789473684210527	0.38636363636363635	0.0
/musica/lazaro/deus-vai-fazer.html	44	39	321.3333333333333	0.8	0.5909090909090909	0.0
/musica/lionel-richie/easy.html	44	38	317.5769230769231	0.48484848484848486	0.4090909090909091	0.0
/musica/paula-fernandes/espaco-sideral.html	44	35	187.6206896551724	0.4666666666666667	0.3409090909090909	0.0
/musica/rihanna/umbrella.html	44	39	271.57894736842104	0.7391304347826086	0.5681818181818182	0.0
/musica/victor-leo/fotos.html	44	37	77.16666666666667	0.625	0.45454545454545453	0.0
/artista/charlie-brown-jr.html	43	19	54.37837837837838	1.0	0.13953488372093023	0.0
/musica/amy-winehouse/wake-up-alone.html	43	40	278.0	0.5384615384615384	0.4186046511627907	0.0
/musica/ana-carolina/pra-rua-me-levar.html	43	40	344.875	0.7058823529411765	0.4418604651162791	0.0
/musica/beyonce-featuring-jay-z/baby-boy.html	43	39	290.07142857142856	0.7419354838709677	0.6744186046511628	0.0
/musica/isa-tkm/debia-ser-amor.html	43	33	265.48148148148147	0.45	0.37209302325581395	0.0
/musica/justin-bieber/love-me.html	43	37	407.5	0.75	0.627906976744186	0.0
/musica/lady-gaga/alejandro-traducao.html	43	41	138.72972972972974	0.0	0.13953488372093023	0.0
/musica/michael-jackson/ben.html	43	39	267.3809523809524	0.5909090909090909	0.5116279069767442	0.0
/musica/u2/one.html	43	40	333.45454545454544	0.5789473684210527	0.4883720930232558	0.0
/artista/jeito-moleque.html	42	14	30.02777777777778	0.0	0.14285714285714285	0.0
/musica/adriana-calcanhotto/gatinha-manhosa.html	42	36	197.52173913043478	0.4444444444444444	0.4523809523809524	0.0
/musica/christian-e-cristiano/fa.html	42	35	78.6	0.7931034482758621	0.6428571428571429	0.0
/musica/leo-magalhaes/porto-seguro.html	42	39	285.625	0.76	0.6190476190476191	0.0
/musica/luan-santana/somos-apenas-um.html	42	37	133.21052631578948	0.5909090909090909	0.5476190476190477	0.0
/musica/nxzero/so-rezo.html	42	40	247.5625	0.6666666666666666	0.6190476190476191	0.0
/musica/padre-marcelo-rossi/noites-traicoeiras.html	42	32	249.69565217391303	0.3684210526315789	0.4523809523809524	0.0
/musica/shakira/gypsy.html	42	35	278.05882352941177	0.6521739130434783	0.5952380952380952	0.0
/musica/thales-e-thiago/ja-tem-outra-em-seu-lugar.html	42	40	78.0	0.7	0.42857142857142855	0.0
/artista/los-hermanos.html	41	14	11.947368421052632	0.0	0.07317073170731707	0.0
/artista/waylon-jennings.html	41	9	77.85	0.0	0.024390243902439025	0.0
/musica/ana-carolina/rosas.html	41	34	297.3333333333333	0.42857142857142855	0.34146341463414637	0.0
/musica/avioes-do-forro/jeito-de-amar.html	41	40	43.25	0.8333333333333334	0.8048780487804879	0.0
/musica/bryan-adams/heaven.html	41	35	341.3888888888889	0.7142857142857143	0.5609756097560976	0.0
/musica/capital-inicial/fatima.html	41	32	233.94444444444446	0.625	0.5609756097560976	0.0
/musica/joao-bosco-e-vinicius/sufoco.html	41	36	152.46666666666667	0.7692307692307693	0.6341463414634146	0.0
/musica/aline-barros/deus-do-impossivel.html	40	27	224.16666666666666	0.4	0.25	0.0
/musica/belo/tudo-no-lugar.html	40	36	199.10526315789474	0.56	0.525	0.0
/musica/beyonce/irreplaceable.html	40	37	255.22727272727272	0.5909090909090909	0.45	0.0
/musica/caetano-veloso/rapte-me-camaleoa.html	40	33	288.6470588235294	0.7894736842105263	0.575	0.0
/musica/katy-perry/i-kissed-a-girl.html	40	37	179.51612903225808	0.0	0.225	0.0
/musica/queen/i-want-it-all.html	40	33	232.04545454545453	0.7222222222222222	0.45	0.0
/musica/roupa-nova/anjo.html	40	35	166.76	0.5555555555555556	0.375	0.0
/musica/sorriso-maroto/eu-vacilei.html	40	36	290.0	0.7692307692307693	0.675	0.0
/musica/victor-leo/amigo-apaixonado.html	40	29	155.6	0.5833333333333334	0.375	0.0
/artista/a-lenda.html	39	1	24.205128205128204	0.0	0.0	0.0
/artista/aline-barros.html	39	20	76.20588235294117	0.0	0.1282051282051282	0.0
/musica/ana-carolina/to-saindo.html	39	37	155.19230769230768	0.4583333333333333	0.3333333333333333	0.0
/musica/eduardo-costa/cachaceiro.html	39	33	145.33333333333334	0.8421052631578947	0.5384615384615384	0.0
/musica/isa-tkm/sigo-al-corazon.html	39	31	266.47058823529414	0.64	0.5641025641025641	0.0
/musica/lady-gaga/just-dance.html	39	36	189.33333333333334	0.6	0.46153846153846156	0.0
/musica/lazaro/eu-te-amo-tanto.html	39	38	366.77777777777777	0.8333333333333334	0.7692307692307693	0.0
/musica/racionais-mcs/capitulo-4-versiculo-3.html	39	33	447.2173913043478	0.45454545454545453	0.41025641025641024	0.0
/musica/raul-seixas/gita.html	39	22	85.83333333333333	0.5333333333333333	0.23076923076923078	0.0
/musica/zeze-di-camargo-e-luciano/dou-a-vida-por-um-beijo.html	39	28	194.30769230769232	0.38461538461538464	0.3333333333333333	0.0
/artista/enigma.html	38	1	60.526315789473685	0.0	0.0	0.0
/artista/nickelback.html	38	17	36.388888888888886	0.0	0.05263157894736842	0.0
/busca?q=ana+carolina	38	23	46.55172413793103	0.4444444444444444	0.23684210526315788	0.0
/busca?q=jorge+e+mateus	38	28	37.285714285714285	0.15384615384615385	0.2631578947368421	0.0
/musica/charlie-brown-jr/me-encontra.html	38	33	157.15384615384616	0.375	0.3157894736842105	0.0
/musica/john-lennon/imagine.html	38	34	306.8888888888889	0.5909090909090909	0.5263157894736842	0.0
/musica/luan-santana/voce-do-meu-lado.html	38	30	115.86363636363636	0.5	0.42105263157894735	0.0
/musica/miley-cyrus/the-climb.html	38	30	294.22222222222223	0.7368421052631579	0.5263157894736842	0.0
/musica/ministerio-atos-de-adoracao/preciso-de-ti.html	38	22	90.48148148148148	0.5833333333333334	0.2894736842105263	0.0
/musica/the-police/every-breath-you-take.html	38	36	349.55555555555554	0.42105263157894735	0.2894736842105263	0.0
/artista/coldplay.html	37	18	77.12121212121212	0.0	0.10810810810810811	0.0
/artista/edson-e-hudson.html	37	9	21.77777777777778	0.0	0.02702702702702703	0.0
/busca?q=exaltasamba	37	27	100.2	0.5333333333333333	0.32432432432432434	0.0
/musica/bruno-e-marrone/nao-tente-me-impedir.html	37	31	149.9090909090909	0.5	0.40540540540540543	0.0
/musica/cesar-menotti-e-fabiano/caso-por-acaso.html	37	30	229.35	0.631578947368421	0.4594594594594595	0.0
/musica/exaltasamba/abandonado.html	37	31	140.625	0.47619047619047616	0.35135135135135137	0.0
/artista/beyonce-featuring-jay-z.html	36	29	54.25806451612903	0.0	0.1388888888888889	0.0
/artista/duffy.html	36	7	35.857142857142854	0.0	0.027777777777777776	0.0
/artista/eminem.html	36	22	95.29032258064517	0.0	0.1388888888888889	0.0
/musica/ana-carolina/o-melhor-de-mim.html	36	31	125.07692307692308	0.3333333333333333	0.2777777777777778	0.0
/musica/avril-lavigne/alice.html	36	28	72.30434782608695	0.5	0.3611111111111111	0.0
/musica/beyonce-featuring-jay-z/broken-hearted-girl.html	36	35	323.88235294117646	0.7333333333333333	0.5277777777777778	0.0
/musica/fernando-e-sorocaba/juliana.html	36	28	166.625	0.75	0.5555555555555556	0.0
/musica/jorge-e-mateus/se-eu-pedir-ce-volta.html	36	34	143.26315789473685	0.7222222222222222	0.4722222222222222	0.0
/musica/jorge-e-mateus/um-dia-te-levo-comigo.html	36	34	168.85714285714286	0.6956521739130435	0.6111111111111112	0.0
/musica/milionario-e-jose-rico/solidao.html	36	30	173.6875	0.7083333333333334	0.5555555555555556	0.0
/musica/tim-maia/voce.html	36	24	96.58333333333333	0.45454545454545453	0.3333333333333333	0.0
/musica/titas/epitafio.html	36	33	190.77777777777777	0.7142857142857143	0.5	0.0
/musica/u2/pride-(in-the-name-of-love).html	36	30	294.6666666666667	0.7142857142857143	0.6666666666666666	0.0
/musica/u2/sunday-bloody-sunday.html	36	32	228.73684210526315	0.5714285714285714	0.4722222222222222	0.0
/artista/astro-rei.html	35	11	206.63636363636363	0.0	0.05714285714285714	0.0
/artista/caetano-veloso.html	35	13	73.3030303030303	0.0	0.05714285714285714	0.0
/musica/eduardo-costa/sou-seu-fa-n-1.html	35	31	320.46153846153845	0.8333333333333334	0.6285714285714286	0.0
/musica/fagner/noturno.html	35	28	120.19047619047619	0.4117647058823529	0.4	0.0
/musica/fernando-e-sorocaba/ah-como-eu-amo-voce.html	35	30	149.63636363636363	0.5294117647058824	0.37142857142857144	0.0
/musica/fernando-e-sorocaba/volta-la-pro-seu-lugar.html	35	32	306.3	0.75	0.42857142857142855	0.0
/musica/jorge-e-mateus/traz-ela-de-volta-pra-mim.html	35	28	154.04761904761904	0.6666666666666666	0.4	0.0
/musica/lady-gaga/poker-face.html	35	34	201.61904761904762	0.6923076923076923	0.4	0.0
/musica/teen-angels/nena.html	35	33	179.7058823529412	0.6111111111111112	0.5142857142857142	0.0
/musica/vanessa-da-mata/bau.html	35	31	119.94444444444444	0.5217391304347826	0.4857142857142857	0.0
/musica/victor-leo/vida-boa.html	35	31	211.22222222222223	0.5555555555555556	0.4857142857142857	0.0
/musica/zeze-di-camargo-e-luciano/pra-mudar-minha-vida.html	35	25	282.5	0.5714285714285714	0.6	0.0
/artista/abba.html	34	15	48.57575757575758	0.0	0.029411764705882353	0.0
/artista/madonna.html	34	13	35.294117647058826	0.0	0.0	0.0
/artista/raca-negra.html	34	13	83.75862068965517	0.0	0.14705882352941177	0.0
/artista/tears-for-fears.html	34	2	32.96969696969697	0.0	0.029411764705882353	0.0
/artista/the-beatles.html	34	20	48.87096774193548	0.0	0.08823529411764706	0.0
/artista/westlife.html	34	8	65.87878787878788	0.0	0.029411764705882353	0.0
/letra/0.html	34	27	64.13333333333334	0.0	0.11764705882352941	0.0
/musica/amy-winehouse/addicted.html	34	30	172.66666666666666	0.5	0.29411764705882354	0.0
/musica/bruna-karla/que-bom-que-voce-chegou.html	34	27	114.125	0.65	0.5294117647058824	0.0
/musica/bruno-e-marrone/nao-faz-mais-isso-comigo.html	34	30	286.3333333333333	0.8	0.47058823529411764	0.0
/musica/exaltasamba/eu-nao-consigo-sem-voce.html	34	27	229.72	0.4666666666666667	0.2647058823529412	0.0
/musica/jorge-e-mateus/so-falta-voce.html	34	28	155.79166666666666	0.3333333333333333	0.29411764705882354	0.0
/musica/maria-cecilia-e-rodolfo/se-vira.html	34	31	235.75	0.8571428571428571	0.7647058823529411	0.0
/musica/natiruts/sorri-sou-rei.html	34	31	409.0	0.45	0.38235294117647056	0.0
/musica/shania-twain/youre-still-the-one.html	34	24	253.04761904761904	0.35294117647058826	0.38235294117647056	0.0
/musica/vanessa-da-mata/nao-me-deixe-so.html	34	31	271.6923076923077	0.75	0.6176470588235294	0.0
/musica/victor-leo/lembrancas-de-amor.html	34	26	215.3	0.46153846153846156	0.4117647058823529	0.0
/artista/alicia-keys.html	33	18	34.90625	0.0	0.030303030303030304	0.0
/artista/jack-johnson.html	33	10	37.516129032258064	0.0	0.06060606060606061	0.0
/artista/milionario-e-jose-rico.html	33	8	23.393939393939394	0.0	0.0	0.0
/musica/ana-carolina/tudo-bem.html	33	31	146.56521739130434	0.5555555555555556	0.30303030303030304	0.0
/musica/eduardo-costa/exemplo-das-paixoes.html	33	30	343.7692307692308	0.6666666666666666	0.6060606060606061	0.0
/musica/exaltasamba/ate-o-sol-quis-ver.html	33	31	250.64705882352942	0.7222222222222222	0.48484848484848486	0.0
/musica/exaltasamba/calma-amor.html	33	26	192.76190476190476	0.75	0.36363636363636365	0.0
/musica/joao-bosco-e-vinicius/sem-esse-coracao.html	33	30	257.53333333333336	0.6842105263157895	0.5454545454545454	0.0
/musica/luan-santana/minha-boca-voce-nao-beija-mais.html	33	29	165.6	0.5625	0.3939393939393939	0.0
/musica/michael-jackson/thriller.html	33	30	288.125	0.5882352941176471	0.5151515151515151	0.0
/musica/nando-reis/luz-dos-olhos.html	33	28	237.6315789473684	0.6666666666666666	0.42424242424242425	0.0
/musica/racionais-mcs/diario-de-um-detento.html	33	28	265.3333333333333	0.5333333333333333	0.45454545454545453	0.0
/musica/roupa-nova/a-viagem.html	33	28	262.0	0.5714285714285714	0.42424242424242425	0.0
/musica/roupa-nova/agora-sim.html	33	30	154.0	0.7857142857142857	0.7272727272727273	0.0
/musica/shakira/ciega-sordomuda.html	33	29	187.23076923076923	0.7083333333333334	0.6060606060606061	0.0
/musica/sorriso-maroto/me-espera.html	33	25	261.5882352941176	0.6470588235294118	0.48484848484848486	0.0
/musica/vanessa-da-mata/vermelho.html	33	29	269.05	0.3888888888888889	0.3939393939393939	0.0
/artista/laura-pausini.html	32	13	57.61290322580645	0.0	0.03125	0.0
/artista/zeca-pagodinho.html	32	13	52.28125	0.0	0.0	0.0
/musica/adriana-calcanhoto/mais-feliz.html	32	30	176.23529411764707	0.625	0.46875	0.0
/musica/amado-batista/princesa.html	32	20	85.8125	0.7333333333333333	0.5	0.0
/musica/amy-winehouse/rehab-traducao.html	32	30	174.42307692307693	0.5	0.1875	0.0
/musica/banda-dejavu/pense-em-mim.html	32	24	355.7692307692308	0.6190476190476191	0.59375	0.0
/musica/djavan/sina.html	32	30	191.0	0.7857142857142857	0.5625	0.0
/musica/eduardo-costa/voce-foi-atriz.html	32	28	255.5625	0.6470588235294118	0.5	0.0
/musica/fabio-jr/alma-gemea.html	32	28	212.6153846153846	0.6875	0.59375	0.0
/musica/fernando-e-sorocaba/vitimas-do-amor.html	32	29	179.05	1.0	0.375	0.0
/musica/frank-sinatra/my-way.html	32	28	256.7647058823529	0.8181818181818182	0.46875	0.0
/musica/jose-augusto/chuvas-de-verao.html	32	24	170.21052631578948	0.4444444444444444	0.40625	0.0
/musica/roupa-nova/meu-universo-e-voce.html	32	25	177.3913043478261	0.0	0.28125	0.0
/musica/roupa-nova/whisky-a-go-go.html	32	29	186.78571428571428	0.7777777777777778	0.5625	0.0
/musica/sorriso-maroto/ainda-existe-amor-em-nos.html	32	30	229.07142857142858	0.5454545454545454	0.5625	0.0
/musica/titas/porque-eu-sei-que-e-amor.html	32	28	262.85714285714283	0.4166666666666667	0.34375	0.0
/musica/victor-leo/sinto-falta-de-voce.html	32	29	228.65	0.7142857142857143	0.375	0.0
/artista/alanis-morissette.html	31	9	31.466666666666665	0.0	0.03225806451612903	0.0
/artista/exalta-samba.html	31	16	71.28	0.0	0.1935483870967742	0.0
/artista/faith-no-more.html	31	8	25.9	0.0	0.03225806451612903	0.0
/artista/iron-maiden.html	31	14	44.93103448275862	0.0	0.06451612903225806	0.0
/artista/x-japan.html	31	11	52.607142857142854	0.0	0.0967741935483871	0.0
/musica/ana-carolina/ruas-de-outono.html	31	27	233.31578947368422	0.6	0.3870967741935484	0.0
/musica/banda-nechivile/perdoa.html	31	20	152.0	0.3888888888888889	0.45161290322580644	0.0
/musica/eduardo-costa/amores-imortais.html	31	28	288.88235294117646	0.4166666666666667	0.45161290322580644	0.0
/musica/jorge-e-mateus/castigo.html	31	29	271.6666666666667	0.5384615384615384	0.3225806451612903	0.0
/musica/jota-quest/o-sol.html	31	26	205.38095238095238	0.5384615384615384	0.3225806451612903	0.0
/musica/justin-bieber/never-let-you-go.html	31	30	154.8181818181818	0.8823529411764706	0.6451612903225806	0.0
/musica/miley-cyrus/when-i-look-at-you.html	31	30	388.45454545454544	0.6666666666666666	0.6451612903225806	0.0
/musica/shakira/ojos-asi.html	31	27	268.8888888888889	0.6111111111111112	0.41935483870967744	0.0
/musica/teen-angels/estoy-listo.html	31	30	227.0	0.6666666666666666	0.5806451612903226	0.0
/artista/amalia-rodrigues.html	30	3	12.758620689655173	0.0	0.03333333333333333	0.0
/artista/bee-gees.html	30	16	65.92857142857143	0.0	0.06666666666666667	0.0
/artista/phil-collins.html	30	10	35.96551724137931	0.0	0.03333333333333333	0.0
/artista/skank.html	30	9	68.24137931034483	0.0	0.03333333333333333	0.0
/musica/ana-carolina/alguem-me-disse.html	30	29	174.17391304347825	0.5555555555555556	0.23333333333333334	0.0
/musica/ana-carolina/carvao.html	30	25	303.7	0.3333333333333333	0.3333333333333333	0.0
/musica/ana-carolina/confesso.html	30	28	210.8	0.8181818181818182	0.5	0.0
/musica/black-eyed-peas/boom-boom-pow.html	30	28	226.85	0.5555555555555556	0.3333333333333333	0.0
/musica/bon-jovi/you-give-love-a-bad-name.html	30	29	201.15384615384616	0.6111111111111112	0.5666666666666667	0.0
/musica/dire-straits/walk-of-life.html	30	28	229.85	0.38461538461538464	0.3333333333333333	0.0
/musica/engenheiros-do-hawaii/infinita-highway.html	30	30	452.0	0.7058823529411765	0.6	0.0
/musica/fernando-e-sorocaba/aqui-a-tristeza-pula-de-alegria.html	30	27	266.6470588235294	0.7142857142857143	0.43333333333333335	0.0
/musica/lionel-richie/hello.html	30	25	199.05555555555554	0.4375	0.4	0.0
/musica/michael-jackson/wanna-be-startin-somethin.html	30	29	114.28571428571429	0.76	0.7666666666666667	0.0
/musica/padre-joao-carlos/segura-na-mao-de-deus.html	30	27	183.23529411764707	0.6470588235294118	0.43333333333333335	0.0
/musica/roupa-nova/linda-demais.html	30	27	313.8181818181818	0.38461538461538464	0.26666666666666666	0.0
/musica/teen-angels/un-paso.html	30	25	170.2	0.3125	0.3333333333333333	0.0
/musica/vanessa-da-mata/ainda-bem.html	30	30	410.85714285714283	0.7058823529411765	0.5333333333333333	0.0
/artista/cassiane.html	29	11	32.61538461538461	0.0	0.10344827586206896	0.0
/artista/ke$ha.html	29	25	87.30434782608695	1.0	0.20689655172413793	0.0
/artista/simply-red.html	29	5	73.81481481481481	0.0	0.06896551724137931	0.0
/artista/voz-da-verdade.html	29	4	32.964285714285715	0.0	0.034482758620689655	0.0
/artista/xuxa.html	29	14	176.66666666666666	0.0	0.06896551724137931	0.0
/musica/amy-winehouse/i-heard-love-is-blind.html	29	24	105.55	0.5	0.3103448275862069	0.0
/musica/belo/invencivel.html	29	26	160.52631578947367	0.5625	0.3448275862068966	0.0
/musica/fernanda-brum/amar-voce.html	29	28	308.84615384615387	0.6	0.5517241379310345	0.0
/musica/ivete-sangalo/na-base-do-beijo.html	29	26	316.42857142857144	0.7692307692307693	0.5172413793103449	0.0
/musica/michael-jackson/billie-jean.html	29	27	298.06666666666666	0.7333333333333333	0.4827586206896552	0.0
/musica/palavra-cantada/dorme.html	29	20	44.36842105263158	0.4666666666666667	0.3448275862068966	0.0
/musica/parangole/rebolation.html	29	24	162.5	0.8181818181818182	0.7931034482758621	0.0
/musica/paul-mccartney/let-it-be.html	29	18	139.63636363636363	0.0	0.2413793103448276	0.0
/musica/racionais-mcs/negro-drama.html	29	26	392.46153846153845	0.625	0.5517241379310345	0.0
/musica/amy-winehouse/he-can-only-hold-her.html	28	25	203.26315789473685	0.75	0.32142857142857145	0.0
/musica/ana-carolina/vai.html	28	19	94.88235294117646	0.8571428571428571	0.39285714285714285	0.0
/musica/bee-gees/how-deep-is-your-love.html	28	26	335.93333333333334	0.6	0.4642857142857143	0.0
/musica/beyonce-featuring-jay-z/hello.html	28	26	336.6	0.75	0.6428571428571429	0.0
/musica/bruno-e-marrone/mariane.html	28	22	198.8235294117647	0.75	0.39285714285714285	0.0
/musica/chimarruts/se-for-embora.html	28	26	149.0	0.8	0.6428571428571429	0.0
/musica/claudia-leitte/pensando-em-voce.html	28	26	265.8181818181818	0.625	0.6071428571428571	0.0
/musica/djavan/nem-um-dia.html	28	25	275.4	0.7058823529411765	0.6428571428571429	0.0
/musica/isa-tkm/ven-a-bailar.html	28	24	143.07692307692307	0.6666666666666666	0.5357142857142857	0.0
/musica/jason-mraz/im-yours.html	28	25	124.27272727272727	0.0	0.6071428571428571	0.0
/musica/mariah-carey/hero.html	28	22	241.5	0.5384615384615384	0.5	0.0
/musica/michael-jackson/beat-it.html	28	24	264.3333333333333	0.5384615384615384	0.35714285714285715	0.0
/musica/rpm/revolucoes-por-minuto.html	28	18	135.8695652173913	0.42857142857142855	0.17857142857142858	0.0
/musica/sorriso-maroto/boa-noite.html	28	24	322.57142857142856	0.6	0.5	0.0
/musica/teen-angels/voy-por-mas.html	28	19	115.36363636363636	0.3076923076923077	0.21428571428571427	0.0
/musica/victor-leo/timidez.html	28	24	109.4	0.7142857142857143	0.4642857142857143	0.0
/musica/ze-henrique-e-gabriel/eu-amo-te-amar.html	28	27	161.8	0.7	0.6428571428571429	0.0
/musica/zeze-di-camargo-e-luciano/diz-pro-meu-olhar.html	28	22	224.85714285714286	0.7692307692307693	0.5	0.0
/artista/grupo-revelacao.html	27	13	46.833333333333336	0.0	0.1111111111111111	0.0
/artista/jammil-e-uma-noites.html	27	3	40.96153846153846	0.0	0.037037037037037035	0.0
/artista/leonardo.html	27	13	73.88461538461539	0.0	0.037037037037037035	0.0
/artista/regis-danese.html	27	14	35.208333333333336	0.0	0.1111111111111111	0.0
/artista/shania-twain.html	27	9	150.69230769230768	0.0	0.037037037037037035	0.0
/artista/tim-maia.html	27	12	24.0	0.0	0.14814814814814814	0.0
/musica/ana-carolina/tolerancia.html	27	24	186.2	0.6666666666666666	0.25925925925925924	0.0
/musica/ana-carolina/trancado.html	27	25	109.5	0.375	0.18518518518518517	0.0
/musica/black-eyed-peas/imma-be.html	27	26	226.92307692307693	0.75	0.5185185185185185	0.0
/musica/bon-jovi/always.html	27	23	383.73333333333335	0.7272727272727273	0.4444444444444444	0.0
/musica/bruno-e-marrone/so-de-voce.html	27	25	170.26315789473685	0.6	0.2962962962962963	0.0
/musica/bruno-e-marrone/sou-eu.html	27	22	155.42857142857142	0.5384615384615384	0.48148148148148145	0.0
/musica/chico-buarque/construcao.html	27	25	169.33333333333334	0.6666666666666666	0.4444444444444444	0.0
/musica/chimarruts/versos-simples.html	27	25	440.55555555555554	0.8125	0.6666666666666666	0.0
/musica/eduardo-costa/melhor-ou-pior.html	27	18	121.55	0.2857142857142857	0.25925925925925924	0.0
/musica/exaltasamba/livre-pra-voar.html	27	21	213.93333333333334	0.5833333333333334	0.4444444444444444	0.0
/musica/exaltasamba/teu-segredo.html	27	24	259.6666666666667	0.6363636363636364	0.5555555555555556	0.0
/musica/guns-n-roses/sweet-child-o-mine.html	27	23	300.9230769230769	0.6153846153846154	0.5185185185185185	0.0
/musica/ivete-sangalo/se-eu-nao-te-amasse-tanto-assim.html	27	24	194.07142857142858	0.47058823529411764	0.48148148148148145	0.0
/musica/joao-carreiro-e-capataz/faculdade-da-pinga.html	27	24	278.1111111111111	0.6470588235294118	0.6666666666666666	0.0
/musica/jorge-e-mateus/saudade.html	27	25	227.35294117647058	0.8	0.37037037037037035	0.0
/musica/lazaro/morar-no-ceu.html	27	24	261.0	0.5	0.48148148148148145	0.0
/musica/michael-jackson/one-day-in-your-life.html	27	20	289.85714285714283	0.5454545454545454	0.48148148148148145	0.0
/musica/oasis/wonderwall.html	27	27	422.0	0.4444444444444444	0.48148148148148145	0.0
/musica/padre-antonio-maria/sonda-me.html	27	23	161.85714285714286	0.4444444444444444	0.48148148148148145	0.0
/musica/paul-mccartney/hey-jude.html	27	23	228.53333333333333	0.7777777777777778	0.4444444444444444	0.0
/musica/raul-seixas/gospel.html	27	25	134.5	0.631578947368421	0.6296296296296297	0.0
/musica/restart/vou-cantar.html	27	23	183.11111111111111	0.3076923076923077	0.3333333333333333	0.0
/musica/rihanna/dont-stop-the-music.html	27	25	241.07692307692307	0.6666666666666666	0.5185185185185185	0.0
/musica/rosa-de-saron/apenas-uma-cancao-de-amor.html	27	23	332.46666666666664	0.5833333333333334	0.4444444444444444	0.0
/musica/roupa-nova/coracao-pirata.html	27	25	177.92307692307693	0.7857142857142857	0.5185185185185185	0.0
/musica/sorriso-maroto/e-agora-nos.html	27	25	92.75	0.6923076923076923	0.5555555555555556	0.0
/artista/amedeo-minghi.html	26	7	18.96	0.0	0.038461538461538464	0.0
/artista/celine-dion.html	26	12	83.4090909090909	0.0	0.15384615384615385	0.0
/artista/fagner.html	26	11	70.82608695652173	0.0	0.11538461538461539	0.0
/artista/maria-gadu.html	26	13	73.04347826086956	0.0	0.11538461538461539	0.0
/artista/oasis.html	26	7	55.72	0.0	0.038461538461538464	0.0
/musica/bruno-e-marrone/amor-nao-vai-faltar.html	26	22	116.53846153846153	0.7142857142857143	0.5	0.0
/musica/eduardo-costa/eu-aposto.html	26	23	261.125	0.6	0.38461538461538464	0.0
/musica/eduardo-costa/fim-de-amor.html	26	24	309.6666666666667	0.6153846153846154	0.4230769230769231	0.0
/musica/fernando-e-sorocaba/noite-enluarada.html	26	21	118.78571428571429	0.6153846153846154	0.46153846153846156	0.0
/musica/guns-n-roses/november-rain.html	26	23	347.1666666666667	0.5714285714285714	0.5384615384615384	0.0
/musica/john-mayer/heartbreak-warfare.html	26	24	526.6	0.6842105263157895	0.6153846153846154	0.0
/musica/jorge-e-mateus/fogueira.html	26	22	146.69230769230768	0.5384615384615384	0.5	0.0
/musica/otto/crua.html	26	25	279.2	0.75	0.4230769230769231	0.0
/musica/padre-marcelo-rossi/cura-me.html	26	17	48.1	0.14285714285714285	0.23076923076923078	0.0
/musica/racionais-mcs/jesus-chorou.html	26	26	425.5	0.5	0.5384615384615384	0.0
/musica/racionais-mcs/to-ouvindo-alguem-me-chamar.html	26	26	495.8333333333333	0.75	0.5384615384615384	0.0
/musica/roupa-nova/sapato-velho.html	26	25	374.84615384615387	0.8888888888888888	0.5	0.0
/musica/victor-leo/cavalo-enxuto.html	26	23	133.125	0.875	0.6923076923076923	0.0
/artista/elton-john.html	25	11	101.5	0.0	0.04	0.0
/artista/green-day.html	25	7	81.25	0.0	0.04	0.0
/artista/guilherme-e-santiago.html	25	14	59.857142857142854	0.0	0.16	0.0
/artista/lady-antebellum.html	25	10	21.043478260869566	0.0	0.08	0.0
/artista/nirvana.html	25	7	65.0	0.0	0.0	0.0
/artista/r-e-m.html	25	10	47.52	0.0	0.0	0.0
/busca?q=amy+winehouse	25	14	51.1764705882353	0.3	0.32	0.0
/musica/amado-batista/reclamando-sua-ausencia.html	25	16	190.95	0.3	0.2	0.0
/musica/ana-carolina/a-cancao-tocou-na-hora-errada.html	25	24	234.86666666666667	0.6666666666666666	0.4	0.0
/musica/biquini-cavadao/vento-ventania.html	25	17	306.2	0.6	0.2	0.0
/musica/bon-jovi/its-my-life.html	25	23	209.0909090909091	0.8	0.56	0.0
/musica/cazuza/faz-parte-do-meu-show.html	25	24	111.9090909090909	0.8	0.56	0.0
/musica/charlie-brown-jr/pontes-indestrutiveis.html	25	19	230.73333333333332	0.5454545454545454	0.4	0.0
/musica/chiclete-com-banana/eu-quero-esse-amor.html	25	19	225.66666666666666	0.5294117647058824	0.52	0.0
/musica/edson-e-hudson/meu-anjo.html	25	22	204.54545454545453	0.7142857142857143	0.56	0.0
/musica/fernando-e-sorocaba/forca-de-um-furacao.html	25	22	240.47368421052633	0.3333333333333333	0.24	0.0
/musica/gloria-gaynor/i-will-survive.html	25	22	305.54545454545456	0.6470588235294118	0.56	0.0
/musica/hugo-e-tiago/o-amor-de-antes.html	25	19	136.5	0.6666666666666666	0.52	0.0
/musica/joao-neto-e-frederico/a-sua-vista.html	25	22	196.125	0.75	0.68	0.0
/musica/michel-telo/amanha-sei-la.html	25	23	244.11764705882354	0.5	0.32	0.0
/musica/nirvana/come-as-you-are.html	25	24	351.6666666666667	0.7777777777777778	0.64	0.0
/musica/palavra-cantada/vagarinho.html	25	19	80.26666666666667	0.5	0.4	0.0
/musica/paulo-ricardo/dois.html	25	23	275.3	0.6	0.6	0.0