/musica/paula-fernandes/passaro-de-fogo.html	1232	1004	222.57958477508652	0.6005256241787122	0.5308441558441559	0.0
/musica/fernando-e-sorocaba/madri.html	1131	952	153.37820512820514	0.6278240190249703	0.5862068965517241	0.0
/letra/a.html	929	720	92.46776611694153	0.3291139240506329	0.28202368137782563	0.0
/letra/b.html	826	633	110.38585209003216	0.27526132404181186	0.2469733656174334	0.0
/letra/m.html	746	586	105.82591876208897	0.388	0.306970509383378	0.0
/letra/c.html	704	524	112.32155477031802	0.21370967741935484	0.19602272727272727	0.0
/letra/r.html	667	489	87.60526315789474	0.15086206896551724	0.1454272863568216	0.0
/letra/j.html	638	490	87.06963249516441	0.20100502512562815	0.1896551724137931	0.0
/artista/jorge-e-mateus.html	631	334	57.516007532956685	0.18110236220472442	0.15847860538827258	0.0
/letra/p.html	531	405	90.98139534883721	0.21348314606741572	0.1902071563088512	0.0
/letra/s.html	529	402	117.91370558375634	0.29508196721311475	0.2551984877126654	0.0
/letra/l.html	525	395	81.71739130434783	0.21052631578947367	0.21142857142857144	0.0
/artista/lady-gaga.html	514	312	43.875370919881306	0.6026200873362445	0.3443579766536965	0.0
/letra/e.html	512	369	74.66822429906541	0.1518987341772152	0.1640625	0.0
/musica/ke$ha/your-love-is-my-drug.html	478	410	122.48945147679325	0.5661538461538461	0.50418410041841	0.0
/letra/t.html	472	364	100.55525606469003	0.23417721518987342	0.21398305084745764	0.0
/artista/katy-perry.html	463	303	60.80891719745223	0.35542168674698793	0.32181425485961124	0.0
/artista/fernando-e-sorocaba.html	440	243	48.6745406824147	0.1875	0.1340909090909091	0.0
/musica/edward-maya/stereo-love-feat-maya.html	433	368	128.78494623655914	0.6529850746268657	0.5704387990762124	0.0
/artista/paula-fernandes.html	371	195	64.11076923076924	0.125	0.12398921832884097	0.0
/artista/beyonce.html	359	159	59.61904761904762	0.13953488372093023	0.12256267409470752	0.0
/letra/g.html	353	257	80.15331010452962	0.19801980198019803	0.18696883852691218	0.0
/letra/f.html	343	250	92.45149253731343	0.24489795918367346	0.21865889212827988	0.0
/letra/d.html	342	263	97.49305555555556	0.15	0.15789473684210525	0.0
/musica/paula-fernandes/chuva-chover.html	325	271	164.2876712328767	0.6813186813186813	0.5507692307692308	0.0
/musica/train/hey-soul-sister.html	301	265	285.61682242990656	0.7245762711864406	0.6445182724252492	0.0
/artista/black-eyed-peas.html	296	169	77.70539419087137	0.22058823529411764	0.1858108108108108	0.0
/musica/luan-santana/meteoro.html	294	252	132.30327868852459	0.6868131868131868	0.5850340136054422	0.0
/musica/paula-fernandes/meu-eu-em-voce.html	266	221	244.26875	0.6739130434782609	0.39849624060150374	0.0
/letra/n.html	255	201	72.79227053140097	0.18421052631578946	0.18823529411764706	0.0
/musica/justin-bieber/baby.html	233	182	95.64957264957265	0.6209677419354839	0.4978540772532189	0.0
/musica/paula-fernandes/quero-sim.html	230	200	250.140625	0.6082474226804123	0.4434782608695652	0.0
/musica/lady-gaga/alejandro.html	220	188	152.24752475247524	0.7021276595744681	0.5409090909090909	0.0
/artista/eduardo-costa.html	209	116	63.58888888888889	0.2857142857142857	0.13875598086124402	0.0
/musica/paula-fernandes/sem-voce.html	198	171	197.3361344537815	0.6103896103896104	0.398989898989899	0.0
/letra/k.html	192	142	70.0	0.14814814814814814	0.15104166666666666	0.0
/artista/victor-leo.html	182	102	44.303030303030305	0.14285714285714285	0.09340659340659341	0.0
/musica/bruno-e-marrone/pra-nao-morrer-de-amor.html	181	135	141.27472527472528	0.6470588235294118	0.4972375690607735	0.0
/artista/luan-santana.html	180	130	39.87581699346405	0.15384615384615385	0.15	0.0
/artista/u2.html	170	58	75.10126582278481	1.0	0.07058823529411765	0.0
/artista/bruno-e-marrone.html	167	91	51.25850340136054	0.0	0.11976047904191617	0.0
/artista/eminem.html	167	141	75.34848484848484	0.6585365853658537	0.6047904191616766	0.0
/musica/ke$ha/tik-tok.html	167	153	203.39344262295083	0.71900826446281	0.6347305389221557	0.0
/artista/justin-bieber.html	165	97	68.21126760563381	0.14285714285714285	0.1393939393939394	0.0
/letra/i.html	164	128	71.04545454545455	0.12244897959183673	0.1951219512195122	0.0
/musica/victor-leo/borboletas.html	163	135	189.0120481927711	0.6333333333333333	0.49079754601226994	0.0
/musica/fernando-e-sorocaba/bala-de-prata.html	161	128	192.109375	0.71	0.6024844720496895	0.0
/musica/guilherme-e-santiago/e-dai.html	156	132	130.28169014084506	0.6310679611650486	0.5448717948717948	0.0
/musica/eduardo-costa/a-carta.html	154	125	166.38372093023256	0.6428571428571429	0.44155844155844154	0.0
/artista/exaltasamba.html	148	80	78.72868217054264	0.0	0.12837837837837837	0.0
/musica/roberto-carlos/a-mulher-que-eu-amo.html	148	126	183.66666666666666	0.6944444444444444	0.5135135135135135	0.0
/artista/roberto-carlos.html	144	72	68.36434108527132	0.1	0.10416666666666667	0.0
/letra/h.html	143	112	79.0	0.21621621621621623	0.14685314685314685	0.0
/musica/pitty/so-agora.html	143	126	206.39622641509433	0.7216494845360825	0.6293706293706294	0.0
/artista/restart.html	141	62	36.073170731707314	0.2727272727272727	0.1276595744680851	0.0
/top/musicas.html	139	79	67.84955752212389	0.4	0.18705035971223022	0.0
/musica/lady-gaga/bad-romance.html	138	116	248.1304347826087	0.6323529411764706	0.5	0.0
/artista/edward-maya.html	137	85	72.37837837837837	0.2222222222222222	0.1897810218978102	0.0
/artista/michel-telo.html	136	66	41.36974789915966	0.20833333333333334	0.125	0.0
/artista/shakira.html	129	63	77.61538461538461	0.0	0.1937984496124031	0.0
/letra/v.html	128	102	82.68686868686869	0.24390243902439024	0.2265625	0.0
/letra/z.html	124	91	55.22330097087379	0.0975609756097561	0.1693548387096774	0.0
/artista/bee-gees.html	121	28	48.82203389830509	1.0	0.024793388429752067	0.0
/musica/joao-bosco-e-vinicius/chorame-liga.html	120	102	202.18367346938774	0.6835443037974683	0.5916666666666667	0.0
/musica/restart/levo-comigo.html	117	101	181.68852459016392	0.4915254237288136	0.47863247863247865	0.0
/artista/sorriso-maroto.html	116	46	46.07692307692308	0.0	0.10344827586206896	0.0
/artista/ana-carolina.html	115	54	47.12264150943396	0.5	0.0782608695652174	0.0
/musica/paula-fernandes/complicado-demais.html	115	101	155.4375	0.5833333333333334	0.4434782608695652	0.0
/artista/amy-winehouse.html	113	29	31.25925925925926	0.0	0.04424778761061947	0.0
/letra/u.html	110	82	62.33980582524272	0.09302325581395349	0.06363636363636363	0.0
/musica/aline-barros/sonda-me-usa-me.html	109	87	264.5744680851064	0.6206896551724138	0.5688073394495413	0.0
/musica/exaltasamba/gamei.html	107	99	191.5909090909091	0.8651685393258427	0.794392523364486	0.0
/musica/shakira/gipsy.html	107	97	148.1159420289855	0.45098039215686275	0.35514018691588783	0.0
/musica/exaltasamba/fui.html	106	90	132.15384615384616	0.6721311475409836	0.5094339622641509	0.0
/musica/eduardo-costa/quem-foi-que-disse.html	102	84	129.625	0.6825396825396826	0.5294117647058824	0.0
/musica/miley-cyrus/one-in-a-million.html	102	90	89.47540983606558	0.42857142857142855	0.4019607843137255	0.0
/artista/zeze-di-camargo-e-luciano.html	100	52	111.63529411764706	1.0	0.15	0.0
/musica/charlie-brown-jr/so-os-loucos-sabem.html	99	83	270.57142857142856	0.7142857142857143	0.5050505050505051	0.0
/musica/padre-marcelo-rossi/anjos-de-resgate.html	99	75	154.08474576271186	0.5294117647058824	0.40404040404040403	0.0
/artista/rihanna.html	98	58	74.05333333333333	0.5	0.23469387755102042	0.0
/musica/luan-santana/sempre-com-voce.html	98	81	225.61363636363637	0.6190476190476191	0.5510204081632653	0.0
/musica/paula-fernandes/jeito-de-mato.html	98	79	346.4727272727273	0.5333333333333333	0.4387755102040816	0.0
/artista/miley-cyrus.html	96	35	37.362637362637365	0.0	0.052083333333333336	0.0
/musica/cauby-peixoto/conceicao.html	96	59	75.5	0.543859649122807	0.4583333333333333	0.0
/musica/engenheiros-do-hawaii/pra-ser-sincero.html	96	81	204.7	0.5217391304347826	0.4791666666666667	0.0
/letra/o.html	95	80	81.64864864864865	0.21428571428571427	0.22105263157894736	0.0
/artista/luiz-gonzaga.html	94	11	38.37362637362637	0.0	0.031914893617021274	0.0
/musica/paula-fernandes/sede-de-amor.html	94	79	173.65	0.4375	0.3617021276595745	0.0
/artista/bob-dylan.html	92	54	49.44	0.1935483870967742	0.18478260869565216	0.0
/letra/w.html	92	66	66.9054054054054	0.09302325581395349	0.1956521739130435	0.0
/artista/jason-mraz.html	91	51	55.626506024096386	0.0	0.08791208791208792	0.0
/musica/padre-fabio-de-melo/milagres.html	91	79	215.6086956521739	0.5277777777777778	0.4945054945054945	0.0
/musica/miley-cyrus/the-climb.html	89	78	262.4516129032258	0.7288135593220338	0.651685393258427	0.0
/musica/sorriso-maroto/sinais.html	88	81	228.325	0.6825396825396826	0.5454545454545454	0.0
/musica/beyonce-featuring-jay-z/halo.html	87	69	232.9	0.6041666666666666	0.5402298850574713	0.0
/musica/exaltasamba/valeu.html	87	76	153.83870967741936	0.6885245901639344	0.6436781609195402	0.0
/musica/aline-barros-e-cia/pula-pula.html	86	72	134.14814814814815	0.7428571428571429	0.686046511627907	0.0
/musica/ana-carolina/entreolhares.html	86	72	322.6756756756757	0.66	0.5697674418604651	0.0
/musica/nxzero/so-rezo.html	86	76	165.64864864864865	0.6538461538461539	0.5697674418604651	0.0
/artista/the-beatles.html	85	31	55.93589743589744	0.0	0.08235294117647059	0.0
/musica/fernando-e-sorocaba/paga-pau.html	83	76	173.14285714285714	0.7272727272727273	0.6626506024096386	0.0
/musica/victor-leo/ao-vivo-e-em-cores.html	83	77	217.45	0.7948717948717948	0.5180722891566265	0.0
/musica/amy-winehouse/rehab.html	82	69	218.71428571428572	0.5098039215686274	0.4878048780487805	0.0
/musica/paula-fernandes/cheiro-de-relva.html	82	67	187.62790697674419	0.6470588235294118	0.47560975609756095	0.0
/musica/parangole/rebolation.html	81	64	185.26666666666668	0.6909090909090909	0.6296296296296297	0.0
/musica/victor-leo/estrela-cadente.html	81	75	166.19565217391303	0.5681818181818182	0.43209876543209874	0.0
/musica/lazaro/meu-mestre.html	80	71	231.6969696969697	0.6333333333333333	0.5875	0.0
/musica/black-eyed-peas/meet-me-halfway.html	78	69	242.69230769230768	0.7647058823529411	0.6666666666666666	0.0
/musica/engenheiros-do-hawaii/infinita-highway.html	78	73	223.5609756097561	0.5882352941176471	0.47435897435897434	0.0
/musica/restart/recomecar.html	77	70	179.94444444444446	0.5961538461538461	0.5324675324675324	0.0
/musica/jorge-e-mateus/vou-fazer-pirraca.html	76	68	180.8372093023256	0.5238095238095238	0.4342105263157895	0.0
/musica/regis-danese/faz-um-milagre-em-mim.html	76	58	267.87179487179486	0.5416666666666666	0.4868421052631579	0.0
/artista/michael-jackson.html	75	37	87.43661971830986	0.6666666666666666	0.05333333333333334	0.0
/artista/milton-nascimento.html	72	15	25.37142857142857	0.0	0.027777777777777776	0.0
/musica/abba/dancing-queen.html	72	59	311.3829787234043	0.5862068965517241	0.3472222222222222	0.0
/musica/beyonce/ego.html	72	60	153.46875	0.6521739130434783	0.5555555555555556	0.0
/musica/rihanna/te-amo.html	72	63	261.1764705882353	0.6222222222222222	0.5277777777777778	0.0
/musica/kings-of-leon/sex-on-fire.html	71	66	129.58333333333334	0.8301886792452831	0.8309859154929577	0.0
/artista/pearl-jam.html	70	24	49.859375	1.0	0.08571428571428572	0.0
/musica/rihanna/rude-boy.html	70	57	216.03703703703704	0.6888888888888889	0.6142857142857143	0.0
/musica/isa-tkm/sigo-al-corazon.html	69	58	270.21875	0.6666666666666666	0.5362318840579711	0.0
/artista/legiao-urbana.html	68	29	57.43939393939394	0.25	0.029411764705882353	0.0
/musica/bruna-karla/que-bom-que-voce-chegou.html	68	44	162.45714285714286	0.6206896551724138	0.4852941176470588	0.0
/artista/ivete-sangalo.html	67	42	53.310344827586206	0.0	0.13432835820895522	0.0
/artista/turma-do-pagode.html	67	22	90.67213114754098	0.0	0.08955223880597014	0.0
/musica/sorriso-maroto/futuro-prometido.html	67	57	118.125	0.5263157894736842	0.5223880597014925	0.0
/busca?q=	66	60	89.21428571428571	0.3170731707317073	0.36363636363636365	0.0
/musica/luan-santana/to-de-cara.html	66	55	120.3076923076923	0.7619047619047619	0.6060606060606061	0.0
/musica/rita-lee/tititi.html	66	55	204.52380952380952	0.74	0.6818181818181818	0.0
/musica/jorge-e-mateus/misterios.html	65	42	29.02777777777778	0.6428571428571429	0.4461538461538462	0.0
/musica/paula-fernandes/pra-que-inventaram-o-amor.html	65	56	153.2972972972973	0.631578947368421	0.4307692307692308	0.0
/artista/belo.html	64	29	53.10526315789474	1.0	0.109375	0.0
/artista/lauriete.html	64	6	129.31666666666666	0.0	0.0625	0.0
/musica/eduardo-costa/sou-seu-fa-n-1.html	64	32	117.55555555555556	0.5384615384615384	0.296875	0.0
/musica/lazaro/deus-vai-fazer.html	64	47	302.780487804878	0.4166666666666667	0.359375	0.0
/musica/padre-fabio-de-melo/diante-do-trono.html	64	53	121.75757575757575	0.6875	0.484375	0.0
/musica/eduardo-costa/nao-valeu-pra-voce.html	61	49	181.84848484848484	0.625	0.45901639344262296	0.0
/artista/evanescence.html	60	24	75.72881355932203	0.0	0.016666666666666666	0.0
/artista/pitty.html	60	34	50.92	0.0	0.16666666666666666	0.0
/musica/janaynna-targino/sacanagem-tua.html	60	53	237.05555555555554	0.5483870967741935	0.4	0.0
/musica/jorge-e-mateus/espelho.html	60	56	200.7058823529412	0.6129032258064516	0.43333333333333335	0.0
/musica/eduardo-costa/feito-tatuagem.html	59	42	190.96666666666667	0.47058823529411764	0.4915254237288136	0.0
/musica/exaltasamba/abandonado.html	59	55	319.2068965517241	0.5675675675675675	0.5084745762711864	0.0
/musica/paula-fernandes/vai.html	59	55	170.1315789473684	0.5714285714285714	0.3559322033898305	0.0
/artista/james-blunt.html	58	18	48.96363636363636	0.0	0.05172413793103448	0.0
/musica/avioes-do-forro/jeito-de-amar.html	58	49	38.733333333333334	0.8181818181818182	0.7413793103448276	0.0
/musica/jamily/conquistando-o-impossivel.html	58	50	196.96428571428572	0.6896551724137931	0.5172413793103449	0.0
/musica/jorge-e-mateus/voa-beija-flor.html	58	54	274.67857142857144	0.8571428571428571	0.5172413793103449	0.0
/musica/luan-santana/chocolate.html	58	46	112.5925925925926	0.6	0.5344827586206896	0.0
/musica/luan-santana/jogo-do-amor.html	58	47	112.07407407407408	0.6	0.5344827586206896	0.0
/musica/nando-reis/pra-voce-guardei-o-amor.html	58	56	314.84615384615387	0.8125	0.7758620689655172	0.0
/musica/shakira/estoy-aqui.html	58	49	199.8235294117647	0.5357142857142857	0.41379310344827586	0.0
/musica/victor-leo/nao-mais.html	58	52	144.10344827586206	0.7272727272727273	0.5	0.0
/musica/victor-leo/tem-que-ser-voce.html	58	52	219.5	0.631578947368421	0.4827586206896552	0.0
/artista/whitney-houston.html	57	24	64.0	0.0	0.0	0.0
/musica/victor-leo/deus-e-eu-no-sertao.html	57	52	236.83333333333334	0.7419354838709677	0.5789473684210527	0.0
/artista/ke$ha.html	56	43	32.25581395348837	0.0	0.23214285714285715	0.0
/musica/luan-santana/aqui-e-o-seu-lugar.html	56	43	72.39285714285714	0.7	0.5	0.0
/musica/paula-fernandes/danca-menina.html	56	46	117.29729729729729	0.6111111111111112	0.3392857142857143	0.0
/artista/bon-jovi.html	55	24	50.875	0.0	0.12727272727272726	0.0
/musica/exaltasamba/calma-amor.html	55	41	145.69565217391303	0.7096774193548387	0.5818181818181818	0.0
/musica/jorge-e-mateus/de-tanto-te-querer.html	55	51	149.79310344827587	0.7272727272727273	0.4727272727272727	0.0
/musica/padre-marcelo-rossi/noites-traicoeiras.html	55	45	216.11111111111111	0.75	0.6727272727272727	0.0
/top/artistas.html	55	37	62.148936170212764	0.16666666666666666	0.14545454545454545	0.0
/artista/joao-bosco-e-vinius.html	54	26	75.75555555555556	0.22727272727272727	0.16666666666666666	0.0
/musica/maria-cecilia-e-rodolfo/se-vira.html	54	45	143.8235294117647	0.6590909090909091	0.6851851851851852	0.0
/musica/oasis/wonderwall.html	54	48	278.4583333333333	0.7419354838709677	0.5555555555555556	0.0
/musica/u2/one.html	54	44	214.63636363636363	0.5833333333333334	0.3888888888888889	0.0
/artista/charlie-brown-jr.html	53	23	45.13725490196079	0.0	0.03773584905660377	0.0
/artista/nelson-goncalves.html	53	10	29.03846153846154	0.0	0.018867924528301886	0.0
/busca?q=shakira	52	37	59.8780487804878	0.3076923076923077	0.21153846153846154	0.0
/musica/hugo-pena-e-gabriel/to-nem-ai.html	52	48	195.41379310344828	0.6956521739130435	0.4423076923076923	0.0
/musica/ke$ha/blah-blah-blah.html	52	46	239.65217391304347	0.6774193548387096	0.5576923076923077	0.0
/artista/gusttavo-lima.html	51	10	51.10204081632653	0.0	0.0392156862745098	0.0
/artista/rosa-de-saron.html	51	18	41.84090909090909	0.0	0.13725490196078433	0.0
/artista/simone.html	51	3	28.666666666666668	0.0	0.0	0.0
/musica/beyonce-featuring-jay-z/if-i-were-a-boy.html	51	46	252.0	0.6551724137931034	0.6274509803921569	0.0
/musica/luan-santana/sinais.html	51	49	101.60714285714286	0.5384615384615384	0.45098039215686275	0.0
/musica/nazareth/love-hurts.html	51	45	304.22727272727275	0.6388888888888888	0.5686274509803921	0.0
/musica/racionais-mcs/capitulo-4-versiculo-3.html	51	44	315.0769230769231	0.5862068965517241	0.49019607843137253	0.0
/musica/teen-angels/hay-un-lugar.html	51	40	236.22727272727272	0.6666666666666666	0.5686274509803921	0.0
/musica/victor-leo/fada.html	51	46	173.05882352941177	0.7857142857142857	0.6666666666666666	0.0
/musica/zeze-di-camargo-e-luciano/pra-mudar-minha-vida.html	51	40	190.42857142857142	0.48148148148148145	0.45098039215686275	0.0
/artista/chico-buarque.html	50	22	42.04545454545455	1.0	0.12	0.0
/artista/queen.html	50	22	46.333333333333336	0.0	0.1	0.0
/busca?q=exaltasamba	50	38	82.075	0.21052631578947367	0.2	0.0
/musica/jorge-e-mateus/onde-haja-sol.html	50	45	246.10714285714286	0.5652173913043478	0.44	0.0
/musica/rihanna/russian-roulette.html	50	44	282.17391304347825	0.6923076923076923	0.54	0.0
/musica/thales-e-thiago/ja-tem-outra-em-seu-lugar.html	50	40	125.60526315789474	0.375	0.24	0.0
/musica/zeze-di-camargo-e-luciano/eu-e-meu-pai.html	50	48	323.0769230769231	0.75	0.74	0.0
/artista/cauby-peixoto.html	49	14	23.288888888888888	0.0	0.08163265306122448	0.0
/artista/tiao-carreiro-e-pardinho.html	49	15	177.15217391304347	0.14285714285714285	0.061224489795918366	0.0
/musica/aline-barros/deus-do-impossivel.html	49	39	282.46666666666664	0.5555555555555556	0.3877551020408163	0.0
/musica/black-eyed-peas/i-gotta-feeling.html	49	44	304.3181818181818	0.7727272727272727	0.5510204081632653	0.0
/musica/engenheiros-do-hawaii/refrao-de-bolero.html	49	45	254.1851851851852	0.5454545454545454	0.4489795918367347	0.0
/musica/paula-fernandes/debaixo-do-cacho.html	49	37	106.38461538461539	0.6428571428571429	0.20408163265306123	0.0
/artista/alexandre-pires.html	48	16	77.26190476190476	0.0	0.125	0.0
/artista/aline-barros.html	48	28	66.43181818181819	0.0	0.08333333333333333	0.0
/artista/milionario-e-jose-rico.html	48	10	53.130434782608695	0.0	0.041666666666666664	0.0
/musica/ana-carolina/garganta.html	48	48	274.3333333333333	0.7352941176470589	0.5625	0.0
/musica/cleiton-e-huggo/me-de-um-sinal.html	48	43	164.76	0.7727272727272727	0.4791666666666667	0.0
/musica/fabio-jr/pai.html	48	41	185.73333333333332	0.7575757575757576	0.6875	0.0
/musica/grupo-revelacao/ta-escrito.html	48	44	293.3529411764706	0.696969696969697	0.6458333333333334	0.0
/artista/the-rolling-stones.html	47	21	44.073170731707314	0.0	0.1276595744680851	0.0
/letra/0.html	47	44	27.42105263157895	0.13333333333333333	0.19148936170212766	0.0
/letra/q.html	47	37	63.94871794871795	0.1	0.1702127659574468	0.0
/musica/charlie-brown-jr/dona-do-meu-pensamento.html	47	46	203.8846153846154	0.5454545454545454	0.44680851063829785	0.0
/musica/engenheiros-do-hawaii/somos-quem-podemos-ser.html	47	43	273.6060606060606	0.42857142857142855	0.2978723404255319	0.0
/musica/exaltasamba/livre-pra-voar.html	47	41	291.0	0.6818181818181818	0.5319148936170213	0.0
/musica/fernando-e-sorocaba/ah-como-eu-amo-voce.html	47	40	223.0	0.5	0.425531914893617	0.0
/musica/fernando-e-sorocaba/vem-ficar-do-meu-lado.html	47	45	246.0	0.7714285714285715	0.6595744680851063	0.0
/musica/jorge-e-mateus/so-falta-voce.html	47	44	85.88888888888889	0.7058823529411765	0.425531914893617	0.0
/musica/lady-gaga/paparazzi.html	47	39	138.8421052631579	0.6666666666666666	0.5957446808510638	0.0
/artista/backstreet-boys.html	46	23	33.85294117647059	0.6666666666666666	0.2608695652173913	0.0
/artista/exaltasamba-musicas.html	46	27	45.46153846153846	0.0	0.15217391304347827	0.0
/artista/inimigos-da-hp.html	46	14	31.27906976744186	0.0	0.06521739130434782	0.0
/artista/jorge-mautner.html	46	1	16.543478260869566	0.0	0.0	0.0
/artista/metallica.html	46	13	27.636363636363637	0.0	0.043478260869565216	0.0
/artista/paramore.html	46	14	38.48837209302326	0.0	0.06521739130434782	0.0
/artista/titas.html	46	12	82.71739130434783	0.0	0.0	0.0
/musica/bruno-e-marrone/sonho-louco.html	46	34	201.8709677419355	0.4782608695652174	0.32608695652173914	0.0
/musica/exaltasamba/eu-nao-consigo-sem-voce.html	46	43	210.0	0.7391304347826086	0.45652173913043476	0.0
/musica/lazaro/eu-te-amo-tanto.html	46	35	134.27272727272728	0.7142857142857143	0.5217391304347826	0.0
/musica/victor-leo/nada-normal.html	46	41	222.625	0.8461538461538461	0.4782608695652174	0.0
/artista/pink-floyd.html	45	18	34.675	1.0	0.1111111111111111	0.0
/artista/taylor-swift.html	45	26	42.285714285714285	0.6666666666666666	0.2222222222222222	0.0
/musica/eduardo-costa/eu-aposto.html	45	35	215.66666666666666	0.7037037037037037	0.6	0.0
/musica/jason-mraz/im-yours-traducao.html	45	41	148.26666666666668	1.0	0.3333333333333333	0.0
/musica/luan-santana/somos-apenas-um.html	45	40	155.0625	0.7777777777777778	0.6444444444444445	0.0
/musica/pearl-jam/black.html	45	39	459.2916666666667	0.7222222222222222	0.4666666666666667	0.0
/musica/zeze-di-camargo-e-luciano/tarde-demais.html	45	31	113.17241379310344	0.4444444444444444	0.35555555555555557	0.0
/artista/avril-lavigne.html	44	22	39.48717948717949	0.0	0.11363636363636363	0.0
/artista/exalta-samba.html	44	18	46.07142857142857	0.0	0.045454545454545456	0.0
/artista/linkin-park.html	44	16	25.51219512195122	0.0	0.06818181818181818	0.0
/artista/raul-seixas.html	44	21	32.125	0.0	0.09090909090909091	0.0
/musica/fernando-e-sorocaba/madri.html?fb_xd_fragment=	44	34	109.04545454545455	0.0	0.5	0.0
/musica/jorge-e-mateus/amor-nao-e-jogo-de-azar.html	44	38	125.92592592592592	0.4666666666666667	0.38636363636363635	0.0
/musica/ze-henrique-e-gabriel/o-que-combina-comigo-e-voce.html	44	44	230.2608695652174	0.5769230769230769	0.4772727272727273	0.0
/musica/aline-barros-e-cia/homenzinho-torto.html	43	31	79.54545454545455	0.6	0.4883720930232558	0.0
/musica/banda-nechivile/perdoa.html	43	33	84.13333333333334	0.6666666666666666	0.6511627906976745	0.0
/musica/beyonce/sweet-dreams.html	43	38	213.8	0.8275862068965517	0.6511627906976745	0.0
/musica/bruno-e-marrone/pode-ir-embora.html	43	34	223.92	0.5555555555555556	0.4186046511627907	0.0
/musica/engenheiros-do-hawaii/era-um-garoto-que-como-eu-amava-os-beatles-e-os-rolling-stones.html	43	41	234.75	0.4444444444444444	0.4418604651162791	0.0
/musica/jorge-e-mateus/querendo-te-amar.html	43	42	106.83333333333333	0.5263157894736842	0.3023255813953488	0.0
/musica/lenine/hoje-eu-quero-sair-so.html	43	37	131.57894736842104	0.6363636363636364	0.5581395348837209	0.0
/musica/seu-jorge/carolina.html	43	37	108.84615384615384	0.6785714285714286	0.6976744186046512	0.0
/musica/vanessa-da-mata/amado.html	43	38	209.61904761904762	0.625	0.5116279069767442	0.0
/musica/victor-leo/voce-sabia.html	43	34	157.14814814814815	0.5789473684210527	0.37209302325581395	0.0
/artista/isa-tkm.html	42	15	24.81578947368421	0.0	0.09523809523809523	0.0
/artista/laura-pausini.html	42	15	48.078947368421055	1.0	0.09523809523809523	0.0
/busca?q=paula+fernandes	42	21	75.27777777777777	0.18181818181818182	0.14285714285714285	0.0
/musica/ana-carolina/e-isso-ai-(the-blowers-daughter).html	42	35	259.75	0.7368421052631579	0.6190476190476191	0.0
/musica/charlie-brown-jr/me-encontra.html	42	35	234.96153846153845	0.5294117647058824	0.38095238095238093	0.0
/musica/fernando-e-sorocaba/da-cor-do-pecado.html	42	40	284.1578947368421	0.7619047619047619	0.5476190476190477	0.0
/musica/jorge-ben-jor/os-alquimistas-estao-chegando-os-alquimistas.html	42	39	140.35714285714286	0.6944444444444444	0.6666666666666666	0.0
/musica/jorge-e-mateus/o-mundo-e-tao-pequeno.html	42	37	130.28571428571428	0.7619047619047619	0.5	0.0
/musica/regis-danese/o-meu-deus-e-forte.html	42	31	255.66666666666666	0.5625	0.42857142857142855	0.0
/musica/renato-russo/faroeste-cabloco.html	42	38	447.9	0.9333333333333333	0.7619047619047619	0.0
/musica/seu-jorge/tive-razao.html	42	38	224.05882352941177	0.6666666666666666	0.5952380952380952	0.0
/musica/shakira/gypsy.html	42	37	156.5	0.7407407407407407	0.7142857142857143	0.0
/musica/whitney-houston/i-look-to-you.html	42	26	381.89285714285717	0.42857142857142855	0.3333333333333333	0.0
/musica/black-eyed-peas/dont-phunk-with-my-heart.html	41	33	141.07692307692307	0.7142857142857143	0.6829268292682927	0.0
/musica/bon-jovi/livin-on-a-prayer.html	41	30	251.96	0.47058823529411764	0.3902439024390244	0.0
/musica/fernando-e-sorocaba/100--voce.html	41	34	114.44117647058823	0.0	0.17073170731707318	0.0
/musica/jorge-e-mateus/castigo.html	41	18	47.45161290322581	0.4444444444444444	0.24390243902439024	0.0
/musica/leo-magalhaes/porto-seguro.html	41	37	107.26086956521739	0.5	0.43902439024390244	0.0
/musica/mariah-carey/i-want-to-know-what-love-is.html	41	33	193.04761904761904	0.5	0.4878048780487805	0.0
/musica/padre-marcelo-rossi/cura-me.html	41	26	156.29166666666666	0.5625	0.4146341463414634	0.0
/musica/sorriso-maroto/eu-vacilei.html	41	38	302.6875	0.7692307692307693	0.6097560975609756	0.0
/musica/victor-leo/sinto-falta-de-voce.html	41	36	267.6	0.5	0.5121951219512195	0.0
/artista/christina-aguilera.html	40	20	31.842105263157894	0.0	0.05	0.0
/artista/elvis-presley.html	40	13	62.18421052631579	0.0	0.05	0.0
/musica/amy-winehouse/you-know-im-no-good.html	40	31	248.55555555555554	0.5454545454545454	0.325	0.0
/musica/jorge-e-mateus/um-dia-te-levo-comigo.html	40	34	391.0	0.65	0.525	0.0
/musica/sorriso-maroto/e-agora-nos.html	40	32	247.8235294117647	0.9444444444444444	0.575	0.0
/artista/abba.html	39	14	24.473684210526315	0.0	0.02564102564102564	0.0
/artista/guns-n-roses.html	39	16	67.39473684210526	0.0	0.02564102564102564	0.0
/artista/timbalada.html	39	6	35.282051282051285	0.0	0.0	0.0
/busca?q=jorge+e+mateus	39	26	92.07142857142857	0.3333333333333333	0.28205128205128205	0.0
/musica/abba/the-winner-takes-it-all.html	39	26	228.14285714285714	0.38461538461538464	0.28205128205128205	0.0
/musica/cauby-peixoto/bastidores.html	39	25	144.22222222222223	0.5714285714285714	0.5384615384615384	0.0
/musica/claudia-leitte/as-mascaras.html	39	35	220.6875	0.7037037037037037	0.5897435897435898	0.0
/musica/eduardo-costa/cachaceiro.html	39	33	142.21052631578948	0.8	0.5128205128205128	0.0
/musica/fernando-e-sorocaba/juliana.html	39	32	95.82352941176471	0.6666666666666666	0.5641025641025641	0.0
/musica/lazaro/morar-no-ceu.html	39	32	148.04347826086956	0.47619047619047616	0.41025641025641024	0.0
/musica/luiz-melodia/perola-negra.html	39	35	77.9090909090909	0.8387096774193549	0.717948717948718	0.0
/musica/ministerio-atos-de-adoracao/preciso-de-ti.html	39	25	104.0	0.7692307692307693	0.38461538461538464	0.0
/musica/teen-angels/a-ver-si-pueden.html	39	33	207.23809523809524	0.5416666666666666	0.46153846153846156	0.0
/artista/detonautas-roque-clube.html	38	7	43.55263157894737	0.0	0.0	0.0
/artista/engenheiros-do-hawaii.html	38	17	25.555555555555557	0.0	0.05263157894736842	0.0
/artista/joao-bosco.html	38	4	41.142857142857146	1.0	0.07894736842105263	0.0
/busca?q=sorriso+maroto	38	19	58.25	0.2727272727272727	0.15789473684210525	0.0
/musica/fernanda-brum/amar-voce.html	38	32	223.95238095238096	0.65	0.4473684210526316	0.0
/musica/guns-n-roses/patience.html	38	35	184.66666666666666	0.9090909090909091	0.5263157894736842	0.0
/musica/guns-n-roses/sweet-child-o-mine.html	38	35	431.92857142857144	0.8	0.631578947368421	0.0
/musica/marcos-e-belutti/perdoa-amor.html	38	36	242.83333333333334	0.9375	0.5263157894736842	0.0
/musica/padre-fabio-de-melo/humano-amor-de-deus.html	38	31	200.8125	0.7647058823529411	0.5789473684210527	0.0
/musica/pitbull/i-know-you-want-me-(calle-ocho).html	38	37	336.1333333333333	0.7307692307692307	0.6052631578947368	0.0
/musica/pitty/me-adora.html	38	34	216.1764705882353	0.6818181818181818	0.5526315789473685	0.0
/musica/pitty/na-sua-estante.html	38	32	226.5	0.6666666666666666	0.5263157894736842	0.0
/musica/rihanna/umbrella.html	38	30	170.73684210526315	0.55	0.5	0.0
/musica/yudi/dominar-voce.html	38	29	211.77777777777777	0.75	0.7631578947368421	0.0
/artista/elton-john.html	37	20	88.16129032258064	1.0	0.16216216216216217	0.0
/artista/so-pra-contrariar.html	37	8	20.65714285714286	0.0	0.05405405405405406	0.0
/musica/ana-carolina/velas-e-vento.html	37	31	140.7391304347826	0.5625	0.3783783783783784	0.0
/musica/cazuza/exagerado.html	37	23	195.88	0.4166666666666667	0.32432432432432434	0.0
/musica/eduardo-costa/amores-imortais.html	37	32	45.916666666666664	0.85	0.6756756756756757	0.0
/musica/eduardo-costa/exemplo-das-paixoes.html	37	29	158.05882352941177	0.5833333333333334	0.5405405405405406	0.0
/musica/engenheiros-do-hawaii/ate-o-fim.html	37	32	83.14285714285714	0.7333333333333333	0.43243243243243246	0.0
/musica/exaltasamba/a-gente-bota-pra-quebrar.html	37	33	233.23809523809524	0.5	0.43243243243243246	0.0
/musica/justin-bieber/one-time.html	37	31	205.26315789473685	0.6111111111111112	0.4864864864864865	0.0
/musica/racionais-mcs/jesus-chorou.html	37	33	468.26666666666665	0.55	0.5945945945945946	0.0
/musica/racionais-mcs/negro-drama.html	37	35	342.8	0.68	0.5945945945945946	0.0
/musica/raul-seixas/gospel.html	37	31	240.25	0.6086956521739131	0.5675675675675675	0.0
/musica/restart/vou-cantar.html	37	34	148.8	0.5789473684210527	0.4594594594594595	0.0
/musica/u2/pride-(in-the-name-of-love).html	37	29	299.47058823529414	0.7272727272727273	0.5405405405405406	0.0
/artista/los-hermanos.html	36	16	31.676470588235293	0.0	0.05555555555555555	0.0
/artista/o-rappa.html	36	9	22.21212121212121	0.0	0.08333333333333333	0.0
/musica/adriana-calcanhotto/gatinha-manhosa.html	36	29	249.23076923076923	0.7307692307692307	0.6388888888888888	0.0
/musica/beyonce-featuring-jay-z/broken-hearted-girl.html	36	34	332.07142857142856	0.6666666666666666	0.6111111111111112	0.0
/musica/exaltasamba/teu-segredo.html	36	35	134.0	0.7272727272727273	0.5	0.0
/musica/joao-carreiro-e-capataz/faculdade-da-pinga.html	36	28	149.625	0.6190476190476191	0.5555555555555556	0.0
/musica/lady-gaga/telephone-feat-beyonce.html	36	32	265.15384615384613	0.6842105263157895	0.6388888888888888	0.0
/musica/luan-santana/voce-do-meu-lado.html	36	34	198.46666666666667	0.7647058823529411	0.5833333333333334	0.0
/musica/michael-jackson/thriller.html	36	30	338.8333333333333	0.6818181818181818	0.6666666666666666	0.0
/musica/rosa-de-saron/sem-voce.html	36	34	266.3333333333333	0.6818181818181818	0.5833333333333334	0.0
/musica/sergio-mendes/funky-bahia.html	36	34	182.0	0.6896551724137931	0.6666666666666666	0.0
/musica/toquinho/aquarela.html	36	21	176.625	0.6923076923076923	0.3333333333333333	0.0
/musica/u2/with-or-without-you.html	36	26	222.32	0.4166666666666667	0.3055555555555556	0.0
/artista/o-teatro-magico.html	35	2	27.428571428571427	0.0	0.0	0.0
/musica/aline-barros/deus-confirmou.html	35	28	153.8235294117647	0.631578947368421	0.5142857142857142	0.0
/musica/cine/as-cores.html	35	27	309.1333333333333	0.5882352941176471	0.5714285714285714	0.0
/musica/claudinho-buchecha/nosso-sonho.html	35	34	237.45454545454547	0.8636363636363636	0.6857142857142857	0.0
/musica/djavan/oceano.html	35	31	211.77777777777777	0.5263157894736842	0.4857142857142857	0.0
/musica/hugo-e-tiago/o-amor-de-antes.html	35	34	241.26666666666668	0.7619047619047619	0.5714285714285714	0.0
/musica/lady-gaga/poker-face.html	35	30	176.68421052631578	0.7	0.45714285714285713	0.0
/musica/michael-jackson/human-nature.html	35	33	428.25	0.6	0.5428571428571428	0.0
/musica/padre-antonio-maria/sonda-me.html	35	27	226.1818181818182	0.4666666666666667	0.37142857142857144	0.0
/musica/paula-fernandes/espaco-sideral.html	35	29	126.85	0.6363636363636364	0.42857142857142855	0.0
/musica/raul-seixas/gita.html	35	22	88.6	0.6428571428571429	0.42857142857142855	0.0
/musica/victor-leo/amigo-apaixonado.html	35	28	106.27777777777777	0.6153846153846154	0.4857142857142857	0.0
/musica/victor-leo/sem-voce.html	35	27	127.96	0.5	0.2857142857142857	0.0
/musica/ze-ramalho/avohai.html	35	28	226.1578947368421	0.7368421052631579	0.45714285714285713	0.0
/artista/aerosmith.html	34	14	19.03125	0.0	0.058823529411764705	0.0
/artista/banda-eva.html	34	7	51.666666666666664	0.0	0.029411764705882353	0.0
/artista/frank-sinatra.html	34	20	50.27272727272727	0.0	0.029411764705882353	0.0
/artista/jeito-moleque.html	34	15	47.37931034482759	0.0	0.14705882352941177	0.0
/artista/oasis.html	34	15	54.54838709677419	1.0	0.08823529411764706	0.0
/artista/rod-stewart.html	34	14	49.32258064516129	0.0	0.08823529411764706	0.0
/musica/bon-jovi/always.html	34	29	484.05882352941177	0.6470588235294118	0.5	0.0
/musica/joao-bosco-e-vinicius/sufoco.html	34	32	111.0	0.7586206896551724	0.7352941176470589	0.0
/musica/john-mayer/heartbreak-warfare.html	34	30	372.9166666666667	0.7083333333333334	0.6470588235294118	0.0
/musica/luan-santana/minha-boca-voce-nao-beija-mais.html	34	27	135.94444444444446	0.6875	0.47058823529411764	0.0
/musica/restart/amanhecer-no-teu-olhar.html	34	32	205.16666666666666	0.7272727272727273	0.47058823529411764	0.0
/musica/victor-leo/o-granfino-e-o-caipira.html	34	29	106.46153846153847	0.7368421052631579	0.6176470588235294	0.0
/artista/alanis-morissette.html	33	12	24.1	0.0	0.09090909090909091	0.0
/artista/bob-marley.html	33	12	65.53333333333333	0.0	0.09090909090909091	0.0
/artista/claudia-leitte.html	33	16	135.06666666666666	0.0	0.09090909090909091	0.0
/artista/pink.html	33	19	30.46153846153846	0.0	0.21212121212121213	0.0
/artista/rhianna.html	33	19	21.666666666666668	0.0	0.2727272727272727	0.0
/musica/avril-lavigne/alice.html	33	28	63.90909090909091	0.64	0.6666666666666666	0.0
/musica/belo/reiventar.html	33	30	363.8235294117647	0.5652173913043478	0.48484848484848486	0.0
/musica/belo/tudo-no-lugar.html	33	27	144.8	0.4090909090909091	0.3939393939393939	0.0
/musica/beyonce/irreplaceable.html	33	29	187.42857142857142	0.6842105263157895	0.5757575757575758	0.0
/musica/christina-aguilera/beautiful.html	33	26	165.25	0.47619047619047616	0.5151515151515151	0.0
/musica/engenheiros-do-hawaii/dom-quixote.html	33	31	279.3181818181818	0.6666666666666666	0.3333333333333333	0.0
/musica/engenheiros-do-hawaii/toda-forma-de-poder.html	33	32	240.04761904761904	0.4666666666666667	0.36363636363636365	0.0
/musica/franz-ferdinand/send-him-away.html	33	28	108.52941176470588	0.6666666666666666	0.48484848484848486	0.0
/musica/padre-jonas-abib/cristo-amigo.html	33	27	194.88235294117646	0.47058823529411764	0.48484848484848486	0.0
/musica/palavra-cantada/dorme.html	33	27	64.77272727272727	0.6666666666666666	0.3333333333333333	0.0
/musica/sampa-crew/distancia.html	33	29	225.6875	0.5789473684210527	0.5151515151515151	0.0
/musica/santana/corazon-espinado.html	33	25	251.64705882352942	0.6470588235294118	0.48484848484848486	0.0
/musica/shakira/ciega-sordomuda.html	33	30	185.6153846153846	0.6666666666666666	0.6060606060606061	0.0
/musica/sorriso-maroto/em-suas-maos.html	33	28	193.61904761904762	0.5454545454545454	0.36363636363636365	0.0
/musica/titas/epitafio.html	33	30	284.8666666666667	0.7142857142857143	0.5454545454545454	0.0
/artista/avioes-do-forro.html	32	16	38.75	1.0	0.25	0.0
/artista/coldplay.html	32	15	48.266666666666666	0.0	0.0625	0.0
/artista/nickelback.html	32	11	47.5	0.0	0.0	0.0
/artista/ricky-martin.html	32	16	102.5925925925926	0.0	0.15625	0.0
/artista/zeca-pagodinho.html	32	17	100.77777777777777	1.0	0.15625	0.0
/musica/adriana-(catolica)/tocar-em-tuas-vestes.html	32	29	267.42105263157896	0.7272727272727273	0.40625	0.0
/musica/beyonce-featuring-jay-z/hello.html	32	29	106.41666666666667	0.8636363636363636	0.625	0.0
/musica/bon-jovi/its-my-life.html	32	23	169.85	0.4166666666666667	0.375	0.0
/musica/bruno-e-marrone/te-amo-tanto-(tanto-cara).html	32	15	76.91666666666667	0.7142857142857143	0.25	0.0
/musica/cazuza/faz-parte-do-meu-show.html	32	28	153.31578947368422	0.5625	0.40625	0.0
/musica/engenheiros-do-hawaii/o-papa-e-pop.html	32	29	304.85714285714283	0.6111111111111112	0.5625	0.0
/musica/exaltasamba/ate-o-sol-quis-ver.html	32	32	130.8125	0.6470588235294118	0.5	0.0
/musica/exaltasamba/se-liga.html	32	30	165.31578947368422	0.5625	0.40625	0.0
/musica/garota-safada/anjo.html	32	29	99.5	0.7407407407407407	0.75	0.0
/musica/isa-tkm/para-mi.html	32	29	204.66666666666666	0.7368421052631579	0.625	0.0
/musica/justin-bieber/love-me.html	32	28	232.66666666666666	0.7647058823529411	0.53125	0.0
/musica/miley-cyrus/party-in-the-usa.html	32	30	85.27272727272727	0.6956521739130435	0.65625	0.0
/musica/otto/crua.html	32	28	273.25	0.75	0.75	0.0
/musica/padre-antonio-maria/como-e-grande-o-meu-amor-por-voce.html	32	26	196.06666666666666	0.4444444444444444	0.53125	0.0
/musica/padre-fabio-de-melo/as-estacoes-da-vida.html	32	20	65.9	0.47058823529411764	0.375	0.0
/musica/sorriso-maroto/me-espera.html	32	31	427.05882352941177	0.7333333333333333	0.46875	0.0
/musica/victor-leo/fotos.html	32	27	189.4375	0.8	0.5	0.0
/artista/capital-inicial.html	31	17	71.21428571428571	0.0	0.0967741935483871	0.0
/artista/maria-gadu.html	31	10	79.34482758620689	0.0	0.06451612903225806	0.0
/artista/noite-ilustrada.html	31	1	16.258064516129032	0.0	0.0	0.0
/musica/adriana/teu-milagre.html	31	23	227.69565217391303	0.4	0.25806451612903225	0.0
/musica/andre-valadao/pela-fe.html	31	26	220.0	0.7647058823529411	0.5806451612903226	0.0
/musica/bee-gees/how-deep-is-your-love.html	31	26	199.26315789473685	0.5	0.3870967741935484	0.0
/musica/cesar-menotti-e-fabiano/caso-por-acaso.html	31	29	90.06666666666666	0.7333333333333333	0.5161290322580645	0.0
/musica/christian-e-cristiano/fa.html	31	25	320.3333333333333	0.68	0.7096774193548387	0.0
/musica/engenheiros-do-hawaii/ouca-o-que-eu-digo-nao-ouca-ninguem.html	31	26	176.66666666666666	0.5	0.41935483870967744	0.0
/musica/isa-tkm/por-tu-amor.html	31	19	84.80952380952381	0.5555555555555556	0.3225806451612903	0.0
/musica/joao-bosco-e-vinicius/sem-esse-coracao.html	31	29	126.85714285714286	0.8695652173913043	0.7741935483870968	0.0
/musica/paulo-ricardo/dois.html	31	30	337.8	0.8571428571428571	0.6774193548387096	0.0
/musica/racionais-mcs/eu-sou-157.html	31	23	180.54545454545453	0.7777777777777778	0.6451612903225806	0.0
/musica/rosa-de-saron/apenas-uma-cancao-de-amor.html	31	28	106.14285714285714	0.5789473684210527	0.5483870967741935	0.0
/musica/sorriso-maroto/ainda-existe-amor-em-nos.html	31	28	245.875	0.6666666666666666	0.4838709677419355	0.0
/musica/sorriso-maroto/tenho-medo.html	31	26	121.69565217391305	0.3333333333333333	0.25806451612903225	0.0
/artista/green-day.html	30	5	55.275862068965516	0.0	0.03333333333333333	0.0
/artista/joao-carreiro-e-capataz.html	30	6	57.3448275862069	0.0	0.03333333333333333	0.0
/artista/lazaro.html	30	15	61.22222222222222	0.0	0.1	0.0
/artista/rita-lee.html	30	17	67.44444444444444	0.0	0.1	0.0
/musica/banda-dejavu/pense-em-mim.html	30	25	461.4	0.6521739130434783	0.6666666666666666	0.0
/musica/eduardo-costa/melhor-ou-pior.html	30	27	214.55555555555554	0.7647058823529411	0.7	0.0
/musica/eduardo-costa/vai-viver-a-sua-vida.html	30	18	179.8095238095238	0.5555555555555556	0.3	0.0
/musica/exaltasamba/ceu-e-fe.html	30	27	174.85714285714286	0.75	0.5333333333333333	0.0
/musica/exaltasamba/ja-que-ta-gostoso-deixa-(mata-o-papai).html	30	25	179.73333333333332	0.6363636363636364	0.5	0.0
/musica/fernanda-brum/te-amaria-outra-vez.html	30	23	201.77272727272728	0.5555555555555556	0.26666666666666666	0.0
/musica/grupo-facanha/saudades-do-amor.html	30	26	219.52941176470588	0.7272727272727273	0.43333333333333335	0.0
/musica/lady-gaga/alejandro-traducao.html	30	30	127.84	0.0	0.16666666666666666	0.0
/musica/mamonas-assassinas/pelados-em-santos.html	30	22	62.07692307692308	0.7222222222222222	0.5666666666666667	0.0
/musica/michael-jackson/wanna-be-startin-somethin.html	30	27	184.14285714285714	0.9523809523809523	0.7666666666666667	0.0
/musica/michel-telo/ei-psiu-beijo-me-liga.html	30	26	158.25	0.6666666666666666	0.4666666666666667	0.0
/musica/michel-telo/larga-de-bobeira.html	30	27	112.58333333333333	0.8823529411764706	0.6	0.0
/musica/milionario-e-jose-rico/solidao.html	30	26	237.5	0.75	0.6	0.0
/musica/nando-reis/all-star.html	30	29	165.26315789473685	0.4444444444444444	0.36666666666666664	0.0
/musica/padre-joao-carlos/segura-na-mao-de-deus.html	30	25	207.71428571428572	0.5238095238095238	0.5333333333333333	0.0
/musica/racionais-mcs/diario-de-um-detento.html	30	29	447.0	0.7368421052631579	0.6333333333333333	0.0
/musica/restart/lembrancas.html	30	28	263.11764705882354	0.5833333333333334	0.43333333333333335	0.0
/artista/akon.html	29	10	36.34615384615385	0.3333333333333333	0.10344827586206896	0.0
/artista/amado-batista.html	29	17	59.88	0.0	0.13793103448275862	0.0
/artista/carla-bruni.html	29	12	58.535714285714285	0.0	0.034482758620689655	0.0
/artista/diante-do-trono.html	29	19	34.833333333333336	0.25	0.1724137931034483	0.0
/artista/iron-maiden.html	29	14	64.6	0.0	0.13793103448275862	0.0
/artista/nando-reis.html	29	16	32.42307692307692	0.5	0.10344827586206896	0.0
/artista/raca-negra.html	29	11	47.357142857142854	0.0	0.034482758620689655	0.0
/busca?q=rihanna	29	22	162.5	0.3	0.3103448275862069	0.0
/musica/aline-barros-e-cia/chua-chua.html	29	22	199.92307692307693	0.7894736842105263	0.5517241379310345	0.0
/musica/amado-batista/reclamando-sua-ausencia.html	29	26	220.5	0.7	0.6551724137931034	0.0
/musica/belo/tudo-bem.html	29	24	255.53333333333333	0.7142857142857143	0.4827586206896552	0.0
/musica/eduardo-costa/voce-foi-atriz.html	29	26	178.33333333333334	0.6111111111111112	0.5862068965517241	0.0
/musica/elis-regina/como-nossos-pais.html	29	22	232.33333333333334	0.5	0.3793103448275862	0.0
/musica/frank-sinatra/my-way.html	29	22	360.375	0.38461538461538464	0.4482758620689655	0.0
/musica/isa-tkm/tengo-tu-amor.html	29	25	322.6	0.7333333333333333	0.6551724137931034	0.0
/musica/lenine/miedo.html	29	28	507.8333333333333	0.7142857142857143	0.5862068965517241	0.0
/musica/leo-magalhaes/locutor.html	29	26	74.25	0.72	0.7241379310344828	0.0
/musica/vanessa-da-mata/ainda-bem.html	29	24	421.42857142857144	0.6923076923076923	0.5172413793103449	0.0
/artista/jota-quest.html	28	13	34.035714285714285	0.0	0.0	0.0
/artista/rose-nascimento.html	28	6	56.5	0.0	0.0	0.0
/musica/ana-carolina/nada-pra-mim.html	28	27	126.61538461538461	0.7272727272727273	0.5357142857142857	0.0
/musica/belo/intriga-da-oposicao.html	28	26	277.22222222222223	0.7142857142857143	0.6785714285714286	0.0
/musica/bruno-e-marrone/nao-tente-me-impedir.html	28	28	314.9375	0.5384615384615384	0.42857142857142855	0.0
/musica/calcinha-preta/como-fui-me-apaixonar-halo.html	28	24	309.8333333333333	0.7727272727272727	0.7857142857142857	0.0
/musica/cauby-peixoto/perfidia.html	28	18	127.57142857142857	0.6428571428571429	0.5	0.0
/musica/celine-dion/to-love-you-more.html	28	20	99.82352941176471	0.7	0.39285714285714285	0.0
/musica/chico-rey-e-parana/aqui-e-o-seu-lugar.html	28	21	236.85714285714286	0.5625	0.5	0.0
/musica/engenheiros-do-hawaii/vida-real.html	28	24	249.11111111111111	0.6666666666666666	0.35714285714285715	0.0
/musica/evanescence/my-immortal.html	28	27	207.9375	0.6	0.42857142857142855	0.0
/musica/john-lennon/imagine.html	28	26	312.8181818181818	0.75	0.6071428571428571	0.0
/musica/luiz-melodia/estacio-eu-e-voce.html	28	24	145.36363636363637	0.6521739130434783	0.6071428571428571	0.0
/musica/molejo/voltei.html	28	25	237.0	0.631578947368421	0.6428571428571429	0.0
/musica/palavra-cantada/vagarinho.html	28	27	62.46153846153846	0.6190476190476191	0.5357142857142857	0.0
/musica/victor-leo/anunciacao.html	28	22	140.73333333333332	0.5454545454545454	0.4642857142857143	0.0
/musica/victor-leo/lembrancas-de-amor.html	28	25	135.0	0.5	0.32142857142857145	0.0
/musica/victor-leo/muito-natural.html	28	26	103.94117647058823	0.42857142857142855	0.39285714285714285	0.0
/artista/andrea-bocelli.html	27	8	32.88461538461539	0.0	0.037037037037037035	0.0
/artista/hugo-pena-e-gabriel.html	27	19	72.55555555555556	0.0	0.3333333333333333	0.0
/artista/john-mayer.html	27	11	61.18518518518518	0.0	0.0	0.0
/artista/phil-collins.html	27	11	18.32	0.0	0.07407407407407407	0.0
/artista/quase-anjos.html	27	6	14.8	0.0	0.07407407407407407	0.0
/artista/racionais-mcs.html	27	18	77.79166666666667	0.0	0.1111111111111111	0.0
/artista/the-calling.html	27	7	38.407407407407405	0.0	0.0	0.0
/musica/amy-winehouse/back-to-black.html	27	24	400.14285714285717	0.7142857142857143	0.7407407407407407	0.0
/musica/ana-carolina/to-saindo.html	27	26	165.46153846153845	0.6875	0.5185185185185185	0.0
/musica/bruno-e-marrone/flashback-de-nos-dois.html	27	20	204.2	0.6153846153846154	0.4444444444444444	0.0
/musica/bruno-e-marrone/nao-faz-mais-isso-comigo.html	27	23	309.38461538461536	0.4444444444444444	0.5185185185185185	0.0
/musica/edson-e-hudson/meu-anjo.html	27	26	325.3636363636364	0.6666666666666666	0.5925925925925926	0.0
/musica/eyshila/nada-pode-calar-um-adorador.html	27	21	193.6315789473684	0.35714285714285715	0.2962962962962963	0.0
/musica/fernando-e-sorocaba/chorei-largado.html	27	22	65.3	0.75	0.6296296296296297	0.0
/musica/fernando-e-sorocaba/vendaval.html	27	25	148.71428571428572	0.6	0.48148148148148145	0.0
/musica/jeito-moleque/bem-vinda.html	27	20	111.375	0.6	0.4074074074074074	0.0
/musica/joao-neto-e-frederico/a-sua-vista.html	27	24	124.0	0.6666666666666666	0.6666666666666666	0.0
/musica/jorge-e-mateus/a-gente-ainda-se-ama.html	27	25	88.7	0.5	0.25925925925925924	0.0
/musica/jorge-e-mateus/traz-ela-de-volta-pra-mim.html	27	26	129.33333333333334	0.8181818181818182	0.5555555555555556	0.0
/musica/lady-gaga/just-dance.html	27	21	142.25	0.5	0.4074074074074074	0.0
/musica/milionario-e-jose-rico/vontade-dividida.html	27	25	222.45454545454547	0.6086956521739131	0.5925925925925926	0.0
/musica/molejo/danca-da-vassoura.html	27	22	242.8181818181818	0.7777777777777778	0.5925925925925926	0.0
/musica/nana-caymmi/resposta-ao-tempo.html	27	20	262.0	0.625	0.4444444444444444	0.0
/musica/nando-reis/relicario.html	27	22	185.11111111111111	0.38461538461538464	0.3333333333333333	0.0
/musica/paula-fernandes/alegria-em-seu-olhar.html	27	21	132.85714285714286	1.0	0.2222222222222222	0.0
/musica/paula-fernandes/passaro-de-fogo.html?fb_xd_fragment=	27	22	181.66666666666666	0.0	0.4444444444444444	0.0
/musica/restart/sobre-eu-e-voce.html	27	25	216.53333333333333	0.6923076923076923	0.4444444444444444	0.0
/musica/rita-lee/amor-e-sexo.html	27	17	213.94444444444446	0.42857142857142855	0.3333333333333333	0.0
/musica/whitney-houston/i-will-always-love-you.html	27	25	562.9333333333333	0.5555555555555556	0.4444444444444444	0.0
/artista/camisa-de-venus.html	26	4	95.0	0.0	0.11538461538461539	0.0