/musica/fernando-e-sorocaba/madri.html	1187	1013	144.16150442477877	0.6748538011695906	0.6192080876158382	0.0
/musica/paula-fernandes/passaro-de-fogo.html	1160	895	186.08960573476702	0.6324404761904762	0.5189655172413793	0.0
/letra/a.html	785	604	106.29100529100529	0.3231441048034934	0.27770700636942675	0.0
/letra/r.html	634	462	98.70741482965931	0.1791044776119403	0.21293375394321767	0.0
/artista/jorge-e-mateus.html	621	318	72.5390625	0.17886178861788618	0.17552334943639292	0.0
/letra/b.html	609	488	128.86374133949192	0.3175355450236967	0.2889983579638752	0.0
/letra/m.html	591	473	109.42298288508557	0.28651685393258425	0.3079526226734349	0.0
/letra/c.html	540	417	111.70952380952382	0.21164021164021163	0.2222222222222222	0.0
/letra/j.html	517	396	96.89330024813896	0.14130434782608695	0.2205029013539652	0.0
/letra/e.html	480	382	86.44444444444444	0.1870967741935484	0.19375	0.0
/musica/ke$ha/your-love-is-my-drug.html	459	411	121.10614525139665	0.6656346749226006	0.6100217864923747	0.0
/artista/katy-perry.html	455	291	81.44281524926686	0.25146198830409355	0.25054945054945055	0.0
/artista/paula-fernandes.html	445	187	41.65121951219512	0.29411764705882354	0.07865168539325842	0.0
/letra/l.html	427	330	89.32058823529412	0.2391304347826087	0.20374707259953162	0.0
/musica/edward-maya/stereo-love-feat-maya.html	426	356	131.63783783783785	0.632	0.5657276995305164	0.0
/letra/s.html	416	331	115.9377049180328	0.24113475177304963	0.2668269230769231	0.0
/letra/p.html	384	299	84.85897435897436	0.2116788321167883	0.1875	0.0
/artista/fernando-e-sorocaba.html	366	230	53.70322580645161	0.23404255319148937	0.15300546448087432	0.0
/letra/t.html	364	297	104.16538461538461	0.2868217054263566	0.2857142857142857	0.0
/letra/d.html	304	232	101.33195020746888	0.14736842105263157	0.20723684210526316	0.0
/artista/beyonce.html	292	140	45.831372549019605	0.15942028985507245	0.1267123287671233	0.0
/artista/black-eyed-peas.html	290	179	65.58095238095238	0.2962962962962963	0.27586206896551724	0.0
/letra/f.html	285	223	77.57727272727273	0.2361111111111111	0.22807017543859648	0.0
/letra/g.html	283	211	105.38738738738739	0.18181818181818182	0.21554770318021202	0.0
/musica/luan-santana/meteoro.html	263	217	111.23140495867769	0.6226415094339622	0.5399239543726235	0.0
/musica/amy-winehouse/rehab.html	258	217	238.71028037383178	0.7046979865771812	0.5852713178294574	0.0
/letra/n.html	239	194	103.33830845771145	0.1267605633802817	0.1589958158995816	0.0
/artista/victor-leo.html	230	88	41.196172248803826	0.16666666666666666	0.09130434782608696	0.0
/artista/amy-winehouse.html	229	115	38.31219512195122	0.0	0.10480349344978165	0.0
/musica/justin-bieber/baby.html	228	181	152.42201834862385	0.6507936507936508	0.5219298245614035	0.0
/musica/paula-fernandes/quero-sim.html	218	196	267.83168316831683	0.656	0.536697247706422	0.0
/top/musicas.html	213	89	55.76216216216216	0.23529411764705882	0.13145539906103287	0.0
/musica/paula-fernandes/chuva-chover.html	195	176	148.68367346938774	0.6216216216216216	0.49743589743589745	0.0
/artista/bruno-e-marrone.html	194	104	37.69642857142857	0.2857142857142857	0.13402061855670103	0.0
/letra/k.html	193	148	69.37125748502994	0.1111111111111111	0.13471502590673576	0.0
/musica/paula-fernandes/meu-eu-em-voce.html	191	168	222.4375	0.6351351351351351	0.41361256544502617	0.0
/musica/pitty/so-agora.html	189	172	293.64912280701753	0.7662337662337663	0.6984126984126984	0.0
/musica/victor-leo/borboletas.html	184	151	200.37234042553192	0.5535714285714286	0.4891304347826087	0.0
/artista/lady-gaga.html	169	97	62.264900662251655	0.10256410256410256	0.10650887573964497	0.0
/artista/eduardo-costa.html	168	83	38.17567567567568	0.16666666666666666	0.11904761904761904	0.0
/artista/luan-santana.html	161	90	57.09848484848485	0.23333333333333334	0.18012422360248448	0.0
/letra/v.html	161	118	79.30534351145039	0.20454545454545456	0.18633540372670807	0.0
/musica/ke$ha/tik-tok.html	161	144	175.265625	0.6964285714285714	0.6024844720496895	0.0
/artista/chico-buarque.html	157	53	52.61073825503356	0.375	0.050955414012738856	0.0
/musica/paula-fernandes/sem-voce.html	156	138	180.02061855670104	0.5306122448979592	0.3782051282051282	0.0
/musica/lady-gaga/alejandro.html	149	132	273.8918918918919	0.6142857142857143	0.5033557046979866	0.0
/musica/eduardo-costa/a-carta.html	148	116	122.275	0.7037037037037037	0.4594594594594595	0.0
/musica/guilherme-e-santiago/e-dai.html	147	120	114.92647058823529	0.675	0.5374149659863946	0.0
/artista/ana-carolina.html	145	79	80.9	0.0	0.1724137931034483	0.0
/letra/i.html	144	107	89.89830508474576	0.1702127659574468	0.18055555555555555	0.0
/top/artistas.html	143	65	179.80833333333334	0.16666666666666666	0.16083916083916083	0.0
/artista/sepultura.html	142	63	35.39823008849557	0.2857142857142857	0.20422535211267606	0.0
/musica/lady-gaga/bad-romance.html	142	123	237.7846153846154	0.7142857142857143	0.5422535211267606	0.0
/artista/geraldo-azevedo.html	136	3	30.385185185185186	0.0	0.007352941176470588	0.0
/artista/the-beatles.html	136	33	55.357142857142854	0.3333333333333333	0.07352941176470588	0.0
/musica/paula-fernandes/jeito-de-mato.html	136	117	349.6842105263158	0.5735294117647058	0.5808823529411765	0.0
/artista/zeze-di-camargo-e-luciano.html	134	52	99.72033898305085	1.0	0.11940298507462686	0.0
/letra/w.html	134	82	109.39830508474576	0.14705882352941177	0.11940298507462686	0.0
/musica/bruno-e-marrone/pra-nao-morrer-de-amor.html	134	116	146.57692307692307	0.7032967032967034	0.6119402985074627	0.0
/letra/z.html	126	91	49.6764705882353	0.08108108108108109	0.19047619047619047	0.0
/musica/roberto-carlos/a-mulher-que-eu-amo.html	125	115	151.8909090909091	0.7088607594936709	0.56	0.0
/musica/amy-winehouse/back-to-black.html	123	106	209.1304347826087	0.55	0.43902439024390244	0.0
/musica/beyonce-featuring-jay-z/halo.html	121	94	216.0625	0.6190476190476191	0.47107438016528924	0.0
/musica/restart/levo-comigo.html	121	104	155.71153846153845	0.6666666666666666	0.5702479338842975	0.0
/artista/justin-bieber.html	120	67	60.01960784313726	0.16	0.15	0.0
/artista/rihanna.html	119	62	106.09183673469387	0.5	0.17647058823529413	0.0
/musica/joao-bosco-e-vinicius/chorame-liga.html	118	101	223.6451612903226	0.5507246376811594	0.4745762711864407	0.0
/musica/luan-santana/sempre-com-voce.html	112	89	130.375	0.5915492957746479	0.5714285714285714	0.0
/artista/edward-maya.html	106	71	26.533333333333335	0.16129032258064516	0.1509433962264151	0.0
/artista/michel-telo.html	106	53	31.340425531914892	0.10714285714285714	0.11320754716981132	0.0
/letra/h.html	106	86	89.0	0.027777777777777776	0.12264150943396226	0.0
/musica/paula-fernandes/complicado-demais.html	103	92	264.4117647058824	0.6060606060606061	0.33980582524271846	0.0
/artista/sorriso-maroto.html	101	38	51.11764705882353	1.0	0.15841584158415842	0.0
/artista/pearl-jam.html	99	32	42.455555555555556	0.16666666666666666	0.09090909090909091	0.0
/letra/o.html	99	70	70.39024390243902	0.14285714285714285	0.1717171717171717	0.0
/artista/michael-jackson.html	96	34	55.5	0.0	0.08333333333333333	0.0
/musica/shakira/gipsy.html	96	78	127.41538461538461	0.3	0.3229166666666667	0.0
/musica/charlie-brown-jr/so-os-loucos-sabem.html	95	86	201.14285714285714	0.7358490566037735	0.5578947368421052	0.0
/musica/beyonce/ego.html	94	83	217.4878048780488	0.6981132075471698	0.5638297872340425	0.0
/musica/sorriso-maroto/sinais.html	94	83	252.83636363636364	0.5192307692307693	0.4148936170212766	0.0
/musica/rihanna/te-amo.html	91	77	189.73809523809524	0.5964912280701754	0.5384615384615384	0.0
/artista/roberto-carlos.html	89	41	51.3421052631579	0.0	0.14606741573033707	0.0
/musica/fernando-e-sorocaba/paga-pau.html	89	70	191.1320754716981	0.5384615384615384	0.4044943820224719	0.0
/musica/sorriso-maroto/futuro-prometido.html	89	79	224.41176470588235	0.7230769230769231	0.6179775280898876	0.0
/musica/train/hey-soul-sister.html	88	77	356.45	0.717391304347826	0.5454545454545454	0.0
/musica/victor-leo/ao-vivo-e-em-cores.html	88	77	133.17021276595744	0.5769230769230769	0.4659090909090909	0.0
/musica/eduardo-costa/quem-foi-que-disse.html	87	73	206.0	0.5517241379310345	0.5287356321839081	0.0
/musica/nxzero/so-rezo.html	86	80	198.64705882352942	0.7142857142857143	0.6046511627906976	0.0
/musica/fernando-e-sorocaba/bala-de-prata.html	85	73	101.42857142857143	0.711864406779661	0.6705882352941176	0.0
/musica/ana-carolina/entreolhares.html	84	71	230.9795918367347	0.5853658536585366	0.4166666666666667	0.0
/musica/amy-winehouse/you-know-im-no-good.html	83	77	281.3181818181818	0.6190476190476191	0.46987951807228917	0.0
/busca?q=exaltasamba	82	49	78.6	0.30434782608695654	0.2682926829268293	0.0
/musica/rihanna/russian-roulette.html	82	64	245.5581395348837	0.46808510638297873	0.47560975609756095	0.0
/musica/miley-cyrus/one-in-a-million.html	81	74	104.34615384615384	0.375	0.35802469135802467	0.0
/musica/exaltasamba/gamei.html	78	68	151.21428571428572	0.7049180327868853	0.6410256410256411	0.0
/artista/skank.html	74	19	34.8	0.0	0.05405405405405406	0.0
/musica/black-eyed-peas/i-gotta-feeling.html	74	68	298.3125	0.7317073170731707	0.5675675675675675	0.0
/musica/jorge-e-mateus/voa-beija-flor.html	74	62	226.6153846153846	0.6571428571428571	0.47297297297297297	0.0
/musica/regis-danese/faz-um-milagre-em-mim.html	74	54	146.3548387096774	0.7674418604651163	0.581081081081081	0.0
/musica/victor-leo/estrela-cadente.html	74	66	175.70833333333334	0.64	0.35135135135135137	0.0
/busca?q=sorriso+maroto	73	29	60.339285714285715	0.3157894736842105	0.2328767123287671	0.0
/musica/rihanna/rude-boy.html	73	63	283.6388888888889	0.6326530612244898	0.5068493150684932	0.0
/artista/exaltasamba-musicas.html	71	44	60.775510204081634	0.0	0.30985915492957744	0.0
/artista/restart.html	71	40	39.09836065573771	0.23076923076923078	0.14084507042253522	0.0
/musica/nando-reis/pra-voce-guardei-o-amor.html	71	61	248.5	0.7441860465116279	0.6619718309859155	0.0
/musica/elis-regina/como-nossos-pais.html	70	63	405.25	0.5945945945945946	0.4857142857142857	0.0
/musica/paula-fernandes/cheiro-de-relva.html	70	58	218.26190476190476	0.5714285714285714	0.4	0.0
/musica/victor-leo/tem-que-ser-voce.html	70	62	261.89473684210526	0.7333333333333333	0.45714285714285713	0.0
/letra/q.html	68	47	169.25396825396825	0.0	0.07352941176470588	0.0
/letra/u.html	68	58	68.3921568627451	0.2692307692307692	0.25	0.0
/musica/eduardo-costa/nao-valeu-pra-voce.html	68	59	145.47058823529412	0.6428571428571429	0.5	0.0
/artista/coldplay.html	67	16	77.35483870967742	0.0	0.07462686567164178	0.0
/artista/djavan.html	67	22	27.46031746031746	0.0	0.05970149253731343	0.0
/musica/exaltasamba/fui.html	67	62	286.8611111111111	0.6944444444444444	0.4626865671641791	0.0
/musica/paula-fernandes/sede-de-amor.html	67	62	223.56410256410257	0.7	0.417910447761194	0.0
/musica/u2/one.html	67	61	306.42857142857144	0.8529411764705882	0.582089552238806	0.0
/musica/imperio-das-cocotas/perfil-das-recalcadas.html	66	60	167.0	0.9166666666666666	0.9090909090909091	0.0
/musica/lady-gaga/paparazzi.html	66	56	213.90625	0.631578947368421	0.5151515151515151	0.0
/musica/paula-fernandes/vai.html	66	62	170.05128205128204	0.7777777777777778	0.4090909090909091	0.0
/artista/exaltasamba.html	65	37	69.58620689655173	0.5	0.1076923076923077	0.0
/artista/renato-russo.html	65	14	37.20967741935484	0.3333333333333333	0.046153846153846156	0.0
/artista/shakira.html	65	39	90.73076923076923	1.0	0.2	0.0
/musica/aline-barros/sonda-me-usa-me.html	65	57	339.3333333333333	0.6818181818181818	0.5846153846153846	0.0
/musica/exaltasamba/valeu.html	65	63	180.3	0.6363636363636364	0.5384615384615384	0.0
/musica/luan-santana/jogo-do-amor.html	65	56	197.66666666666666	0.6470588235294118	0.49230769230769234	0.0
/artista/lady-antebellum.html	64	18	28.21311475409836	0.0	0.046875	0.0
/artista/laura-pausini.html	64	10	30.578125	0.0	0.0	0.0
/musica/beyonce-featuring-jay-z/if-i-were-a-boy.html	63	55	275.57575757575756	0.7083333333333334	0.47619047619047616	0.0
/musica/jorge-e-mateus/vou-fazer-pirraca.html	63	55	252.6315789473684	0.6666666666666666	0.3968253968253968	0.0
/artista/nxzero.html	62	19	32.6	0.0	0.03225806451612903	0.0
/musica/eduardo-costa/feito-tatuagem.html	62	52	194.36666666666667	0.6551724137931034	0.5161290322580645	0.0
/musica/luan-santana/chocolate.html	62	59	230.24137931034483	0.7222222222222222	0.532258064516129	0.0
/artista/u2.html	61	31	70.41379310344827	0.0	0.04918032786885246	0.0
/musica/isa-tkm/sigo-al-corazon.html	60	44	220.83333333333334	0.5277777777777778	0.4	0.0
/musica/jorge-e-mateus/misterios.html	60	35	156.35555555555555	0.35294117647058826	0.25	0.0
/musica/lazaro/meu-mestre.html	59	53	230.4	0.7567567567567568	0.6610169491525424	0.0
/artista/guilherme-e-santiago.html	58	17	45.50909090909091	0.0	0.05172413793103448	0.0
/artista/james-blunt.html	58	43	82.76470588235294	0.4857142857142857	0.41379310344827586	0.0
/musica/chico-buarque/mil-perdoes.html	57	53	177.55555555555554	0.7222222222222222	0.3684210526315789	0.0
/artista/jeito-moleque.html	56	13	38.23076923076923	0.0	0.07142857142857142	0.0
/musica/beyonce/sweet-dreams.html	56	51	224.9	0.6764705882352942	0.4642857142857143	0.0
/musica/mariah-carey/i-want-to-know-what-love-is.html	56	52	337.61538461538464	0.6666666666666666	0.5357142857142857	0.0
/artista/abba.html	55	24	40.38775510204081	1.0	0.10909090909090909	0.0
/musica/emerson-lake-and-palmer/touch-and-go-traducao.html	55	53	60.0	0.9622641509433962	0.9636363636363636	0.0
/musica/shakira/estoy-aqui.html	55	47	341.8333333333333	0.7037037037037037	0.45454545454545453	0.0
/musica/vanessa-da-mata/amado.html	55	51	288.14285714285717	0.5909090909090909	0.4909090909090909	0.0
/musica/black-eyed-peas/meet-me-halfway.html	54	49	162.47058823529412	0.7894736842105263	0.6851851851851852	0.0
/musica/djavan/oceano.html	54	46	368.1290322580645	0.45454545454545453	0.42592592592592593	0.0
/musica/luan-santana/to-de-cara.html	54	50	205.11111111111111	0.6060606060606061	0.5	0.0
/musica/restart/recomecar.html	54	43	153.19230769230768	0.6285714285714286	0.5185185185185185	0.0
/artista/belo.html	53	15	78.29411764705883	0.0	0.03773584905660377	0.0
/artista/ivete-sangalo.html	53	25	44.30434782608695	1.0	0.1320754716981132	0.0
/musica/bruno-e-marrone/pode-ir-embora.html	53	50	240.92	0.6785714285714286	0.5283018867924528	0.0
/musica/rita-lee/tititi.html	53	44	244.88	0.5454545454545454	0.5283018867924528	0.0
/musica/rosa-de-saron/sem-voce.html	53	51	385.72	0.6666666666666666	0.5283018867924528	0.0
/musica/zeze-di-camargo-e-luciano/eu-e-meu-pai.html	53	44	149.05263157894737	0.675	0.6415094339622641	0.0
/artista/beyonce-featuring-jay-z.html	52	32	41.83783783783784	0.6	0.28846153846153844	0.0
/musica/aline-barros-e-cia/pula-pula.html	52	46	201.47058823529412	0.6904761904761905	0.6730769230769231	0.0
/musica/maria-cecilia-e-rodolfo/se-vira.html	52	44	152.85714285714286	0.8157894736842105	0.7307692307692307	0.0
/musica/ze-henrique-e-gabriel/o-que-combina-comigo-e-voce.html	52	39	210.85714285714286	0.5882352941176471	0.3269230769230769	0.0
/artista/waldick-soriano.html	51	4	28.142857142857142	0.0	0.0392156862745098	0.0
/musica/luan-santana/sinais.html	51	47	93.53333333333333	0.5	0.4117647058823529	0.0
/musica/victor-leo/fada.html	51	46	265.48148148148147	0.6764705882352942	0.47058823529411764	0.0
/musica/hugo-pena-e-gabriel/to-nem-ai.html	50	44	194.73076923076923	0.6666666666666666	0.48	0.0
/musica/jorge-e-mateus/de-tanto-te-querer.html	50	42	130.09375	0.5789473684210527	0.36	0.0
/musica/jorge-e-mateus/o-mundo-e-tao-pequeno.html	50	39	237.29032258064515	0.4444444444444444	0.38	0.0
/musica/paula-fernandes/pra-que-inventaram-o-amor.html	50	49	152.16666666666666	0.7272727272727273	0.4	0.0
/artista/kleber-lucas.html	49	5	18.20408163265306	0.0	0.0	0.0
/musica/adriana-calcanhotto/gatinha-manhosa.html	49	36	168.52173913043478	0.6153846153846154	0.5306122448979592	0.0
/musica/luan-santana/somos-apenas-um.html	49	41	212.41666666666666	0.7272727272727273	0.5102040816326531	0.0
/musica/marcos-e-belutti/perdoa-amor.html	49	43	114.55555555555556	0.8571428571428571	0.6326530612244898	0.0
/musica/sorriso-maroto/me-espera.html	49	37	186.96875	0.36363636363636365	0.3469387755102041	0.0
/musica/victor-leo/deus-e-eu-no-sertao.html	49	41	139.65	0.76	0.5918367346938775	0.0
/artista/milionario-e-jose-rico.html	48	12	27.02173913043478	0.0	0.041666666666666664	0.0
/artista/pixote.html	48	8	77.42222222222222	0.0	0.0625	0.0
/musica/chico-buarque/as-vitrines.html	48	43	230.36	0.72	0.4791666666666667	0.0
/artista/charlie-brown-jr.html	47	20	81.5909090909091	0.0	0.06382978723404255	0.0
/artista/gian-e-giovani.html	47	5	22.53191489361702	0.0	0.0	0.0
/musica/bruno-e-marrone/nao-faz-mais-isso-comigo.html	47	39	157.5	0.5	0.5319148936170213	0.0
/musica/grupo-revelacao/ta-escrito.html	47	44	155.1764705882353	0.7407407407407407	0.6382978723404256	0.0
/musica/lady-gaga/telephone-feat-beyonce.html	47	44	256.2	0.8076923076923077	0.574468085106383	0.0
/musica/victor-leo/nada-normal.html	47	42	95.15	0.7619047619047619	0.574468085106383	0.0
/musica/avioes-do-forro/jeito-de-amar.html	46	34	115.15	0.7	0.5652173913043478	0.0
/musica/joao-bosco-e-vinicius/sufoco.html	46	40	176.0	0.8620689655172413	0.6521739130434783	0.0
/musica/paula-fernandes/danca-menina.html	46	42	209.74193548387098	0.625	0.32608695652173914	0.0
/musica/banda-nechivile/perdoa.html	45	34	220.9375	0.5769230769230769	0.6444444444444445	0.0
/musica/fernando-e-sorocaba/da-cor-do-pecado.html	45	39	233.66666666666666	0.5625	0.4	0.0
/musica/victor-leo/nao-mais.html	45	41	195.7391304347826	0.7142857142857143	0.4888888888888889	0.0
/musica/victor-leo/voce-sabia.html	45	41	186.67857142857142	0.5263157894736842	0.37777777777777777	0.0
/musica/grupo-facanha/saudades-do-amor.html	44	43	183.66666666666666	0.7666666666666667	0.6590909090909091	0.0
/musica/raul-seixas/gita.html	44	27	133.25	0.4782608695652174	0.45454545454545453	0.0
/artista/falcao.html	43	3	14.21951219512195	0.0	0.046511627906976744	0.0
/artista/inimigos-da-hp.html	43	5	32.24390243902439	0.0	0.046511627906976744	0.0
/artista/queen.html	43	27	148.64102564102564	0.2	0.09302325581395349	0.0
/musica/leo-magalhaes/porto-seguro.html	43	40	155.70967741935485	0.45	0.27906976744186046	0.0
/musica/pitty/me-adora.html	43	35	200.0	0.6521739130434783	0.5581395348837209	0.0
/artista/aerosmith.html	42	20	64.3157894736842	0.14285714285714285	0.09523809523809523	0.0
/busca?q=	42	37	112.65625	0.16	0.23809523809523808	0.0
/musica/beyonce-featuring-jay-z/single-ladies-(put-a-ring-on-it).html	42	38	284.14285714285717	0.7647058823529411	0.5	0.0
/musica/beyonce/irreplaceable.html	42	38	234.55	0.65	0.5238095238095238	0.0
/musica/bruna-karla/que-bom-que-voce-chegou.html	42	31	119.81818181818181	0.5909090909090909	0.47619047619047616	0.0
/musica/claudia-leitte/as-mascaras.html	42	40	261.05882352941177	0.7241379310344828	0.5952380952380952	0.0
/musica/eduardo-costa/sou-seu-fa-n-1.html	42	35	132.3	0.6666666666666666	0.5238095238095238	0.0
/musica/exaltasamba/ate-o-sol-quis-ver.html	42	33	175.19354838709677	0.5384615384615384	0.2619047619047619	0.0
/musica/jorge-e-mateus/onde-haja-sol.html	42	41	205.86363636363637	0.7222222222222222	0.47619047619047616	0.0
/musica/victor-leo/vida-boa.html	42	32	186.875	0.5789473684210527	0.42857142857142855	0.0
/artista/nando-reis.html	41	14	41.25	0.0	0.024390243902439025	0.0
/artista/nelson-goncalves.html	41	3	29.85	0.0	0.024390243902439025	0.0
/musica/lazaro/deus-vai-fazer.html	41	37	273.2	0.64	0.5121951219512195	0.0
/artista/o-rappa.html	40	15	58.648648648648646	0.0	0.075	0.0
/artista/roupa-nova.html	40	14	56.86486486486486	1.0	0.075	0.0
/musica/ana-carolina/e-isso-ai-(the-blowers-daughter).html	40	35	461.0869565217391	0.3	0.425	0.0
/musica/belo/reiventar.html	40	35	182.66666666666666	0.6111111111111112	0.55	0.0
/musica/jorge-e-mateus/espelho.html	40	39	207.77272727272728	0.6842105263157895	0.45	0.0
/musica/sorriso-maroto/ainda-existe-amor-em-nos.html	40	33	201.88	0.5294117647058824	0.375	0.0
/musica/teen-angels/hay-un-lugar.html	40	35	343.9166666666667	0.4375	0.4	0.0
/artista/dire-straits.html	39	17	18.783783783783782	0.5	0.05128205128205128	0.0
/artista/ke$ha.html	39	31	41.878787878787875	0.0	0.15384615384615385	0.0
/artista/maria-bethania.html	39	16	46.0	1.0	0.05128205128205128	0.0
/artista/whitney-houston.html	39	22	77.63157894736842	0.0	0.02564102564102564	0.0
/busca?q=shakira	39	35	131.03846153846155	0.45454545454545453	0.3333333333333333	0.0
/musica/ana-carolina/garganta.html	39	38	257.4230769230769	0.5625	0.3333333333333333	0.0
/musica/isa-tkm/tengo-tu-amor.html	39	33	270.4	0.4444444444444444	0.358974358974359	0.0
/musica/janaynna-targino/sacanagem-tua.html	39	35	164.10526315789474	0.6363636363636364	0.5128205128205128	0.0
/musica/jorge-e-mateus/querendo-te-amar.html	39	35	117.64	0.6666666666666666	0.358974358974359	0.0
/musica/oasis/wonderwall.html	39	35	387.55555555555554	0.6111111111111112	0.5384615384615384	0.0
/musica/rihanna/dont-stop-the-music.html	39	36	180.8235294117647	0.6153846153846154	0.5641025641025641	0.0
/musica/teen-angels/a-ver-si-pueden.html	39	32	183.95238095238096	0.6666666666666666	0.46153846153846156	0.0
/musica/bee-gees/how-deep-is-your-love.html	38	34	242.05263157894737	0.5357142857142857	0.5	0.0
/musica/beyonce-featuring-jay-z/broken-hearted-girl.html	38	33	332.30434782608694	0.391304347826087	0.39473684210526316	0.0
/musica/beyonce-featuring-jay-z/hello.html	38	32	165.23076923076923	0.5	0.3157894736842105	0.0
/musica/christian-e-cristiano/fa.html	38	31	274.0	0.5925925925925926	0.5789473684210527	0.0
/musica/exaltasamba/abandonado.html	38	32	190.21428571428572	0.4117647058823529	0.2631578947368421	0.0
/musica/fernando-e-sorocaba/vem-ficar-do-meu-lado.html	38	33	126.46153846153847	0.8076923076923077	0.6578947368421053	0.0
/musica/maria-rita/inquieta-tonta-e-encantada.html	38	31	217.16666666666666	0.5454545454545454	0.5263157894736842	0.0
/musica/ministerio-atos-de-adoracao/preciso-de-ti.html	38	24	62.388888888888886	0.5	0.5263157894736842	0.0
/musica/nightwish/wish-i-had-an-angel.html	38	37	130.3	0.7714285714285715	0.7368421052631579	0.0
/artista/engenheiros-do-hawaii.html	37	16	88.42424242424242	0.0	0.10810810810810811	0.0
/artista/enrique-iglesias.html	37	24	81.8076923076923	0.45454545454545453	0.2972972972972973	0.0
/artista/natiruts.html	37	7	35.861111111111114	0.0	0.02702702702702703	0.0
/musica/beyonce-featuring-jay-z/baby-boy.html	37	31	173.5625	0.6153846153846154	0.5675675675675675	0.0
/musica/eduardo-costa/amores-imortais.html	37	36	199.42105263157896	0.6363636363636364	0.4864864864864865	0.0
/musica/guns-n-roses/patience.html	37	30	263.42857142857144	0.45454545454545453	0.43243243243243246	0.0
/musica/joao-bosco-e-vinicius/sem-esse-coracao.html	37	36	264.95238095238096	0.75	0.43243243243243246	0.0
/musica/sorriso-maroto/e-agora-nos.html	37	36	374.05555555555554	0.8125	0.5135135135135135	0.0
/artista/aline-barros.html	36	20	53.689655172413794	0.0	0.19444444444444445	0.0
/artista/claudia-leitte.html	36	18	73.21428571428571	0.0	0.2222222222222222	0.0
/artista/pink-floyd.html	36	18	26.516129032258064	1.0	0.1388888888888889	0.0
/musica/black-eyed-peas/imma-be.html	36	32	236.0	0.7142857142857143	0.5277777777777778	0.0
/musica/bon-jovi/always.html	36	27	199.375	0.3333333333333333	0.5555555555555556	0.0
/musica/cassia-eller/malandragem.html	36	30	235.35	0.5625	0.4444444444444444	0.0
/musica/charlie-brown-jr/dona-do-meu-pensamento.html	36	36	267.5625	0.64	0.5555555555555556	0.0
/musica/cleiton-e-huggo/me-de-um-sinal.html	36	32	93.91666666666667	0.6	0.3333333333333333	0.0
/musica/engenheiros-do-hawaii/infinita-highway.html	36	32	393.8235294117647	0.6521739130434783	0.5277777777777778	0.0
/musica/exaltasamba/teu-segredo.html	36	32	62.86666666666667	0.7333333333333333	0.5833333333333334	0.0
/musica/fabio-jr/pai.html	36	31	203.26666666666668	0.7391304347826086	0.5833333333333334	0.0
/musica/lazaro/eu-te-amo-tanto.html	36	27	356.95	0.5833333333333334	0.4444444444444444	0.0
/musica/milionario-e-jose-rico/solidao.html	36	32	213.66666666666666	0.7727272727272727	0.5833333333333334	0.0
/musica/the-police/every-breath-you-take.html	36	27	331.3703703703704	0.3125	0.25	0.0
/artista/bon-jovi.html	35	19	78.66666666666667	0.0	0.14285714285714285	0.0
/artista/green-day.html	35	12	48.84375	0.0	0.08571428571428572	0.0
/musica/bon-jovi/its-my-life.html	35	30	248.08695652173913	0.4	0.34285714285714286	0.0
/musica/john-lennon/imagine.html	35	28	320.1764705882353	0.5555555555555556	0.5142857142857142	0.0
/musica/jorge-e-mateus/200-por-hora.html	35	31	114.04545454545455	0.0	0.37142857142857144	0.0
/musica/molejo/voltei.html	35	29	176.0	0.6086956521739131	0.5714285714285714	0.0
/musica/rihanna/umbrella.html	35	35	224.0	0.5263157894736842	0.45714285714285713	0.0
/musica/teen-angels/nena.html	35	30	154.66666666666666	0.5714285714285714	0.4	0.0
/musica/zeca-pagodinho/prova-de-amor.html	35	27	110.26666666666667	0.7058823529411765	0.5714285714285714	0.0
/artista/elvis-presley.html	34	12	81.33333333333333	0.0	0.11764705882352941	0.0
/artista/john-mayer.html	34	12	37.44117647058823	0.0	0.0	0.0
/artista/zeca-pagodinho.html	34	21	68.55555555555556	1.0	0.20588235294117646	0.0
/busca?q=ana+carolina	34	18	31.9	0.18181818181818182	0.11764705882352941	0.0
/busca?q=belo	34	15	26.258064516129032	0.0	0.08823529411764706	0.0
/musica/ana-carolina/nada-pra-mim.html	34	29	156.76190476190476	0.35714285714285715	0.38235294117647056	0.0
/musica/black-eyed-peas/dont-phunk-with-my-heart.html	34	27	113.25	0.6	0.5294117647058824	0.0
/musica/eduardo-costa/exemplo-das-paixoes.html	34	27	225.10526315789474	0.6	0.4411764705882353	0.0
/musica/jorge-e-mateus/te-amo-tanto-que-nem-sei.html	34	29	107.0	0.7777777777777778	0.38235294117647056	0.0
/musica/luan-santana/aqui-e-o-seu-lugar.html	34	31	218.36363636363637	0.47368421052631576	0.35294117647058826	0.0
/musica/nxzero/espero-a-minha-vez.html	34	28	253.23529411764707	0.46153846153846156	0.5	0.0
/musica/paula-fernandes/debaixo-do-cacho.html	34	27	69.70833333333333	0.5384615384615384	0.29411764705882354	0.0
/musica/racionais-mcs/jesus-chorou.html	34	33	429.7857142857143	0.8823529411764706	0.5882352941176471	0.0
/musica/thales-e-thiago/ja-tem-outra-em-seu-lugar.html	34	33	185.08695652173913	0.6666666666666666	0.3235294117647059	0.0
/artista/fernandinho.html	33	7	36.4375	0.0	0.030303030303030304	0.0
/artista/metallica.html	33	15	52.0	0.16666666666666666	0.09090909090909091	0.0
/artista/neil-diamond.html	33	10	42.96774193548387	0.0	0.06060606060606061	0.0
/artista/paul-mccartney.html	33	14	14.714285714285714	0.5	0.15151515151515152	0.0
/musica/amado-batista/anjo-bom.html	33	23	187.35714285714286	0.6363636363636364	0.5757575757575758	0.0
/musica/amy-winehouse/tears-dry-on-their-own.html	33	26	215.71428571428572	0.5882352941176471	0.36363636363636365	0.0
/musica/djavan/flor-de-lis.html	33	29	208.0	0.6363636363636364	0.42424242424242425	0.0
/musica/djavan/se.html	33	28	218.47058823529412	0.5	0.48484848484848486	0.0
/musica/exaltasamba/se-liga.html	33	30	181.5	0.7368421052631579	0.5757575757575758	0.0
/musica/fernando-e-sorocaba/aqui-a-tristeza-pula-de-alegria.html	33	25	128.4	0.6470588235294118	0.3939393939393939	0.0
/musica/jorge-e-mateus/amor-covarde.html	33	27	108.63636363636364	0.6	0.3333333333333333	0.0
/musica/otto/crua.html	33	29	147.4	0.7083333333333334	0.5454545454545454	0.0
/musica/padre-marcelo-rossi/anjos-de-resgate.html	33	32	147.0	0.6666666666666666	0.48484848484848486	0.0
/musica/renato-russo/faroeste-cabloco.html	33	29	382.1	0.7222222222222222	0.696969696969697	0.0
/musica/sorriso-maroto/em-suas-maos.html	33	29	176.625	0.4444444444444444	0.2727272727272727	0.0
/musica/sorriso-maroto/por-voce.html	33	30	168.75	0.7857142857142857	0.3939393939393939	0.0
/artista/bob-marley.html	32	15	39.5	1.0	0.125	0.0
/artista/evanescence.html	32	10	18.433333333333334	0.0	0.0625	0.0
/artista/jason-mraz.html	32	18	57.43333333333333	0.0	0.0625	0.0
/artista/legiao-urbana.html	32	11	18.483870967741936	0.0	0.03125	0.0
/artista/linkin-park.html	32	17	48.724137931034484	0.0	0.09375	0.0
/busca?q=the+time	32	16	63.24	0.2222222222222222	0.21875	0.0
/musica/abba/dancing-queen.html	32	27	235.0909090909091	0.42857142857142855	0.3125	0.0
/musica/amy-winehouse/me-e-mr-jones.html	32	31	195.75	0.5	0.375	0.0
/musica/ana-carolina/a-cancao-tocou-na-hora-errada.html	32	28	315.59090909090907	0.6428571428571429	0.3125	0.0
/musica/cesar-menotti-e-fabiano/ciumenta.html	32	26	170.6875	0.5882352941176471	0.5	0.0
/musica/guilherme-e-santiago/do-outro-lado-da-cidade.html	32	29	80.0909090909091	0.6818181818181818	0.65625	0.0
/musica/jamily/conquistando-o-impossivel.html	32	26	320.7368421052632	0.4666666666666667	0.40625	0.0
/musica/justin-bieber/one-time.html	32	26	249.06666666666666	0.6923076923076923	0.53125	0.0
/musica/luan-santana/minha-boca-voce-nao-beija-mais.html	32	30	204.35714285714286	0.9	0.5625	0.0
/musica/lulu-santos/toda-forma-de-amor.html	32	31	308.5238095238095	0.4	0.34375	0.0
/musica/milionario-e-jose-rico/a-carta.html	32	23	177.875	0.47368421052631576	0.5	0.0
/musica/nando-reis/all-star.html	32	28	391.75	0.5263157894736842	0.5	0.0
/musica/nando-reis/relicario.html	32	26	298.27272727272725	0.1875	0.3125	0.0
/musica/nelly-furtado/manos-al-aire.html	32	26	384.06666666666666	0.5416666666666666	0.53125	0.0
/musica/padre-antonio-maria/sonda-me.html	32	26	140.77777777777777	0.5294117647058824	0.4375	0.0
/musica/padre-marcelo-rossi/noites-traicoeiras.html	32	28	409.42105263157896	0.5	0.40625	0.0
/musica/sorriso-maroto/eu-vacilei.html	32	29	235.8	0.5882352941176471	0.375	0.0
/musica/sorriso-maroto/tenho-medo.html	32	28	128.4090909090909	0.7777777777777778	0.3125	0.0
/musica/vanessa-da-mata/bau.html	32	32	380.6666666666667	0.6538461538461539	0.53125	0.0
/artista/raimundos.html	31	7	37.629629629629626	0.0	0.12903225806451613	0.0
/artista/westlife.html	31	6	182.26666666666668	0.0	0.03225806451612903	0.0
/letra/0.html	31	24	22.5	0.16666666666666666	0.16129032258064516	0.0
/musica/amado-batista/quem-e-voce.html	31	25	414.1818181818182	0.7619047619047619	0.6451612903225806	0.0
/musica/amy-winehouse/love-is-a-losing-game.html	31	28	145.07142857142858	0.7058823529411765	0.5483870967741935	0.0
/musica/bruno-e-marrone/sonho-louco.html	31	26	66.36363636363636	0.7058823529411765	0.6451612903225806	0.0
/musica/chico-buarque/construcao.html	31	29	260.0	0.5	0.3870967741935484	0.0
/musica/dire-straits/money-for-nothing.html	31	29	204.91666666666666	0.7368421052631579	0.6129032258064516	0.0
/musica/djavan/nem-um-dia.html	31	28	317.0	0.4375	0.3870967741935484	0.0
/musica/fernando-e-sorocaba/ah-como-eu-amo-voce.html	31	26	147.64705882352942	0.7857142857142857	0.45161290322580644	0.0
/musica/jorge-e-mateus/so-falta-voce.html	31	22	157.03846153846155	0.3333333333333333	0.16129032258064516	0.0
/musica/leo-magalhaes/locutor.html	31	20	197.4375	0.6428571428571429	0.4838709677419355	0.0
/musica/los-hermanos/a-flor.html	31	21	96.63636363636364	0.4	0.2903225806451613	0.0
/musica/luan-santana/voce-do-meu-lado.html	31	30	63.15384615384615	0.6428571428571429	0.5806451612903226	0.0
/musica/michael-jackson/thriller.html	31	26	142.7	0.7647058823529411	0.6774193548387096	0.0
/musica/raul-seixas/gospel.html	31	26	92.0	0.6521739130434783	0.6129032258064516	0.0
/musica/restart/amanhecer-no-teu-olhar.html	31	27	118.4	0.5384615384615384	0.3548387096774194	0.0
/musica/tim-maia/me-de-motivo.html	31	22	273.27777777777777	0.6666666666666666	0.41935483870967744	0.0
/musica/zeca-pagodinho/coracao-em-desalinho.html	31	28	277.5833333333333	0.7692307692307693	0.6129032258064516	0.0
/musica/zeze-di-camargo-e-luciano/tarde-demais.html	31	27	213.46153846153845	0.7142857142857143	0.5806451612903226	0.0
/artista/banda-calypso.html	30	8	69.5	0.0	0.06666666666666667	0.0
/busca?q=Digite+o+artista+ou+a+música+que+deseja+buscar	30	22	41.30434782608695	0.5	0.23333333333333334	0.0
/musica/ana-carolina/uma-louca-tempestade.html	30	30	346.7142857142857	0.7	0.3	0.0
/musica/djavan/um-amor-puro.html	30	24	180.78947368421052	0.7	0.36666666666666664	0.0
/musica/john-mayer/half-of-my-heart.html	30	28	274.7692307692308	0.6	0.5666666666666667	0.0
/musica/jorge-e-mateus/se-eu-pedir-ce-volta.html	30	30	90.66666666666667	0.6875	0.5	0.0
/musica/nando-reis/luz-dos-olhos.html	30	25	499.3157894736842	0.36363636363636365	0.36666666666666664	0.0
/musica/nightwish/nemo.html	30	28	183.71428571428572	0.8571428571428571	0.7666666666666667	0.0
/musica/racionais-mcs/diario-de-um-detento.html	30	25	314.2352941176471	0.5263157894736842	0.43333333333333335	0.0
/musica/skank/dois-rios.html	30	28	350.94444444444446	0.6	0.4	0.0
/musica/teen-angels/un-paso.html	30	23	130.42105263157896	0.6	0.36666666666666664	0.0
/artista/alcione.html	29	6	24.88888888888889	0.0	0.06896551724137931	0.0
/artista/elton-john.html	29	9	31.32	0.0	0.13793103448275862	0.0
/artista/norah-jones.html	29	1	51.55172413793103	0.0	0.0	0.0
/artista/pink.html	29	16	51.90909090909091	0.0	0.2413793103448276	0.0
/busca?q=paula+fernandes	29	14	22.75	0.14285714285714285	0.1724137931034483	0.0
/musica/amado-batista/princesa.html	29	22	151.13333333333333	0.7857142857142857	0.4827586206896552	0.0
/musica/ana-carolina/velas-e-vento.html	29	27	224.15384615384616	0.8125	0.5517241379310345	0.0
/musica/bruno-e-marrone/nossa-senhora-do-brasil.html	29	22	287.25	0.4117647058823529	0.4482758620689655	0.0
/musica/bruno-e-marrone/sou-eu.html	29	25	97.08333333333333	0.7333333333333333	0.5862068965517241	0.0
/musica/joao-carreiro-e-capataz/faculdade-da-pinga.html	29	29	122.8	0.9545454545454546	0.8275862068965517	0.0
/musica/joao-neto-e-frederico/nao-vou-mais-chorar.html	29	24	250.85714285714286	0.8	0.5172413793103449	0.0
/musica/jorge-e-mateus/um-dia-te-levo-comigo.html	29	27	233.66666666666666	0.6	0.4827586206896552	0.0
/musica/padre-joao-carlos/segura-na-mao-de-deus.html	29	27	377.5	0.5714285714285714	0.4482758620689655	0.0
/musica/paula-fernandes/espaco-sideral.html	29	25	112.21052631578948	0.2857142857142857	0.3448275862068966	0.0
/musica/renato-russo/strani-amori.html	29	19	319.3636363636364	0.5555555555555556	0.2413793103448276	0.0
/musica/vanessa-da-mata/nao-me-deixe-so.html	29	27	243.9375	0.5714285714285714	0.4482758620689655	0.0
/musica/ze-henrique-e-gabriel/eu-amo-te-amar.html	29	22	154.5625	0.625	0.4482758620689655	0.0
/musica/zeze-di-camargo-e-luciano/pra-mudar-minha-vida.html	29	25	303.77777777777777	0.6153846153846154	0.3793103448275862	0.0
/artista/exalta-samba.html	28	17	36.23809523809524	0.0	0.25	0.0
/artista/madonna.html	28	11	69.70370370370371	0.0	0.03571428571428571	0.0
/artista/padre-marcelo-rossi.html	28	11	159.5	0.16666666666666666	0.14285714285714285	0.0
/artista/racionais-mcs.html	28	17	64.64	0.3333333333333333	0.10714285714285714	0.0
/busca?q=firework	28	20	41.56521739130435	0.0	0.17857142857142858	0.0
/musica/abba/mamma-mia.html	28	20	289.0	0.5	0.32142857142857145	0.0
/musica/aerosmith/crazy.html	28	24	253.58823529411765	0.4166666666666667	0.39285714285714285	0.0
/musica/aline-barros/deus-confirmou.html	28	25	240.92307692307693	0.631578947368421	0.5357142857142857	0.0
/musica/ana-carolina/alguem-me-disse.html	28	26	84.94117647058823	0.6428571428571429	0.39285714285714285	0.0
/musica/ana-carolina/confesso.html	28	25	105.82608695652173	0.5	0.17857142857142858	0.0
/musica/banda-dejavu/pense-em-mim.html	28	25	426.6666666666667	0.7368421052631579	0.6785714285714286	0.0
/musica/beyonce/disappear.html	28	18	115.05882352941177	0.625	0.39285714285714285	0.0
/musica/exaltasamba/a-gente-bota-pra-quebrar.html	28	24	125.88235294117646	0.625	0.39285714285714285	0.0
/musica/exaltasamba/eu-nao-consigo-sem-voce.html	28	24	141.83333333333334	0.45454545454545453	0.35714285714285715	0.0
/musica/fernando-e-sorocaba/estrela-solitaria.html	28	20	241.88235294117646	0.5555555555555556	0.39285714285714285	0.0
/musica/fernando-e-sorocaba/juliana.html	28	20	150.4	0.6	0.4642857142857143	0.0
/musica/nando-reis/por-onde-andei.html	28	26	164.66666666666666	0.42857142857142855	0.4642857142857143	0.0
/musica/sorriso-maroto/nada-de-pensar-em-despedida.html	28	17	105.45	0.42857142857142855	0.2857142857142857	0.0
/musica/titas/epitafio.html	28	25	423.22222222222223	0.5625	0.35714285714285715	0.0
/musica/victor-leo/sem-voce.html	28	27	272.2857142857143	0.42857142857142855	0.5	0.0
/musica/victor-leo/sinto-falta-de-voce.html	28	26	221.05263157894737	0.45454545454545453	0.32142857142857145	0.0
/musica/whitney-houston/greatest-love-of-all.html	28	24	541.5384615384615	0.6666666666666666	0.5357142857142857	0.0
/artista/joao-gilberto.html	27	9	22.52173913043478	0.0	0.14814814814814814	0.0
/artista/tiao-carreiro-e-pardinho.html	27	3	39.370370370370374	0.0	0.0	0.0
/busca?q=jorge+e+mateus	27	20	45.0	0.5	0.2222222222222222	0.0
/musica/amado-batista/reclamando-sua-ausencia.html	27	18	76.3529411764706	0.5833333333333334	0.37037037037037035	0.0
/musica/andre-valadao/pela-fe.html	27	20	162.58823529411765	0.5454545454545454	0.37037037037037035	0.0
/musica/bruno-e-marrone/amor-nao-vai-faltar.html	27	19	173.8125	0.4	0.4074074074074074	0.0
/musica/bruno-e-marrone/bijuteria.html	27	16	87.78571428571429	0.6363636363636364	0.48148148148148145	0.0
/musica/chico-buarque/o-que-sera-(a-flor-da-terra).html	27	26	300.25	0.6363636363636364	0.4074074074074074	0.0
/musica/claudia-leitte/pensando-em-voce.html	27	24	289.75	0.875	0.7037037037037037	0.0
/musica/eduardo-costa/eu-aposto.html	27	23	110.76470588235294	0.38461538461538464	0.37037037037037035	0.0
/musica/exaltasamba/calma-amor.html	27	24	270.45454545454544	0.7857142857142857	0.5925925925925926	0.0
/musica/isa-tkm/amigas-como-tu.html	27	19	314.0	0.5714285714285714	0.4444444444444444	0.0
/musica/jorge-e-mateus/amor-nao-e-jogo-de-azar.html	27	25	100.0	0.5	0.37037037037037035	0.0
/musica/kings-of-leon/use-somebody.html	27	26	270.5	0.5714285714285714	0.6296296296296297	0.0
/musica/michel-telo/ei-psiu-beijo-me-liga.html	27	25	123.33333333333333	0.9166666666666666	0.5555555555555556	0.0
/musica/nana-caymmi/resposta-ao-tempo.html	27	22	385.85714285714283	0.38461538461538464	0.48148148148148145	0.0
/musica/pink-floyd/comfortably-numb.html	27	23	355.46666666666664	0.6111111111111112	0.4444444444444444	0.0
/musica/racionais-mcs/capitulo-4-versiculo-3.html	27	25	401.84615384615387	0.6	0.5185185185185185	0.0
/musica/racionais-mcs/negro-drama.html	27	26	326.1666666666667	0.8125	0.7777777777777778	0.0
/musica/teen-angels/estoy-listo.html	27	25	371.15384615384613	0.6666666666666666	0.5185185185185185	0.0
/musica/toquinho/aquarela.html	27	17	92.73333333333333	0.38461538461538464	0.4444444444444444	0.0
/musica/vanessa-da-mata/ilegais.html	27	24	269.25	0.6	0.4074074074074074	0.0
/musica/victor-leo/fotos.html	27	27	302.90909090909093	0.9230769230769231	0.5925925925925926	0.0
/musica/victor-leo/tanta-solidao.html	27	22	202.36363636363637	0.75	0.5925925925925926	0.0
/artista/kiss.html	26	8	21.304347826086957	0.0	0.11538461538461539	0.0
/musica/antonio-carlos-jobim-e-elis-regina/aguas-de-marco.html	26	20	263.88235294117646	0.46153846153846156	0.34615384615384615	0.0
/musica/bruna-karla/na-eternidade.html	26	19	133.41666666666666	0.5	0.5384615384615384	0.0
/musica/charlie-brown-jr/inabalavelmente.html	26	26	153.06666666666666	0.6666666666666666	0.4230769230769231	0.0
/musica/eyshila/cancao-do-amor.html	26	22	104.25	0.5555555555555556	0.38461538461538464	0.0
/musica/pitty/equalize.html	26	25	500.0	0.5384615384615384	0.5769230769230769	0.0
/musica/pitty/na-sua-estante.html	26	20	139.28571428571428	0.5	0.46153846153846156	0.0
/musica/r-e-m/losing-my-religion.html	26	24	367.88235294117646	0.38461538461538464	0.34615384615384615	0.0
/musica/restart/vou-cantar.html	26	24	39.42857142857143	0.8823529411764706	0.7307692307692307	0.0
/musica/rosa-de-saron/as-dores-do-silencio.html	26	21	336.5	0.7777777777777778	0.6153846153846154	0.0
/musica/sampa-crew/distancia.html	26	22	136.0	0.5	0.4230769230769231	0.0
/musica/sorriso-maroto/por-que.html	26	22	148.26315789473685	0.5454545454545454	0.2692307692307692	0.0
/musica/u2/pride-(in-the-name-of-love).html	26	25	369.8333333333333	0.7	0.5384615384615384	0.0
/musica/u2/with-or-without-you.html	26	25	246.75	0.7142857142857143	0.5384615384615384	0.0
/artista/andrea-bocelli.html	25	13	24.125	0.0	0.04	0.0
/artista/lily-allen.html	25	7	24.041666666666668	0.0	0.04	0.0
/artista/wanessa-camargo.html	25	5	33.92	0.0	0.0	0.0
/busca?q=roberto+carlos	25	16	60.333333333333336	0.25	0.16	0.0
/busca?q=timbalada	25	4	27.833333333333332	0.0	0.04	0.0
/musica/black-eyed-peas/boom-boom-pow.html	25	21	224.6153846153846	0.7272727272727273	0.48	0.0
/musica/bruno-e-marrone/cavalgada.html	25	22	386.0	0.3333333333333333	0.4	0.0
/musica/capital-inicial/fatima.html	25	21	290.0	0.47058823529411764	0.4	0.0
/musica/cassiane-e-jairinho/o-tempo-nao-pode-apagar.html	25	22	276.1	0.7777777777777778	0.6	0.0
/musica/charlie-brown-jr/so-existe-o-agora.html	25	23	205.875	0.4	0.36	0.0
/musica/djavan/samurai.html	25	24	312.2857142857143	0.6153846153846154	0.44	0.0
/musica/elis-regina/o-bebado-e-a-equilibrista.html	25	20	283.07142857142856	0.6153846153846154	0.44	0.0
/musica/elis-regina/velha-roupa-colorida.html	25	22	461.7894736842105	0.3333333333333333	0.24	0.0
/musica/eyshila/nada-pode-calar-um-adorador.html	25	22	229.33333333333334	0.75	0.64	0.0
/musica/frank-sinatra/my-way.html	25	22	316.7	0.7857142857142857	0.6	0.0
/musica/jota-quest/facil.html	25	22	242.53333333333333	0.42857142857142855	0.4	0.0
/musica/jota-quest/o-sol.html	25	21	197.3	0.5555555555555556	0.6	0.0
/musica/mariah-carey/hero.html	25	20	220.58823529411765	0.4166666666666667	0.32	0.0
/musica/nxzero/vertigem.html	25	19	36.92307692307692	0.5384615384615384	0.48	0.0
/musica/teen-angels/nenes-bien.html	25	24	173.0	0.5625	0.44	0.0
/musica/victor-leo/o-granfino-e-o-caipira.html	25	21	106.0909090909091	0.8	0.56	0.0
/artista/kings-of-leon.html	24	14	47.526315789473685	1.0	0.20833333333333334	0.0
/artista/pitty.html	24	9	17.05	0.0	0.16666666666666666	0.0
/artista/roxette.html	24	16	96.23529411764706	0.5555555555555556	0.2916666666666667	0.0
/musica/amy-winehouse/fuck-me-pumps.html	24	22	370.8	0.7142857142857143	0.5833333333333334	0.0
/musica/ana-carolina/era.html	24	21	268.5625	0.7272727272727273	0.3333333333333333	0.0
/musica/bob-dylan/like-a-rolling-stone.html	24	20	122.55555555555556	0.6875	0.625	0.0
/musica/cassia-eller/por-enquanto.html	24	19	113.84615384615384	0.6	0.4583333333333333	0.0
/musica/chimarruts/saber-voar.html	24	21	191.0909090909091	0.7272727272727273	0.5416666666666666	0.0
/musica/chimarruts/versos-simples.html	24	21	435.72727272727275	0.5833333333333334	0.5416666666666666	0.0
/musica/engenheiros-do-hawaii/pra-ser-sincero.html	24	23	305.2307692307692	0.5833333333333334	0.4583333333333333	0.0
/musica/evanescence/my-immortal.html	24	19	217.5	0.5333333333333333	0.5	0.0
/musica/fernando-e-sorocaba/chorei-largado.html	24	18	133.0	0.6428571428571429	0.5416666666666666	0.0
/musica/ivete-sangalo/na-base-do-beijo.html	24	19	197.35714285714286	0.6	0.4166666666666667	0.0
/musica/jeito-moleque/eu-voce-e-mais-ninguem.html	24	21	229.78571428571428	0.6	0.4166666666666667	0.0
/musica/joao-bosco-e-vinicius/coracao-so-ve-voce.html	24	21	158.1875	0.4444444444444444	0.3333333333333333	0.0
/musica/michael-jackson/wanna-be-startin-somethin.html	24	17	193.63636363636363	0.625	0.5416666666666666	0.0
/musica/miley-cyrus/party-in-the-usa.html	24	23	360.3333333333333	0.7058823529411765	0.625	0.0
/musica/padre-fabio-de-melo/milagres.html	24	17	202.3846153846154	0.6	0.4583333333333333	0.0
/musica/paul-mccartney/hey-jude.html	24	19	212.26666666666668	0.5	0.375	0.0
/musica/racionais-mcs/a-vida-e-desafio.html	24	22	478.0	0.8125	0.7083333333333334	0.0
/musica/racionais-mcs/to-ouvindo-alguem-me-chamar.html	24	22	324.5	0.8571428571428571	0.5833333333333334	0.0
/musica/rihanna/rehab.html	24	24	353.77777777777777	0.7272727272727273	0.625	0.0
/musica/rihanna/take-a-bow.html	24	23	381.6666666666667	0.7272727272727273	0.625	0.0
/musica/tim-maia/azul-da-cor-do-mar.html	24	23	318.45454545454544	0.7058823529411765	0.5416666666666666	0.0
/musica/u2/i-still-havent-found-what-im-looking-for.html	24	20	327.2	0.6666666666666666	0.375	0.0
/musica/vanessa-da-mata/ainda-bem.html	24	21	418.7142857142857	0.4444444444444444	0.4166666666666667	0.0
/musica/zeca-baleiro/telegrama.html	24	22	197.9090909090909	0.8333333333333334	0.5416666666666666	0.0
/artista/guns-n-roses.html	23	8	91.36842105263158	0.0	0.17391304347826086	0.0
/artista/jorge-ben-jor.html	23	4	24.90909090909091	0.0	0.043478260869565216	0.0
/artista/shania-twain.html	23	9	80.63157894736842	0.0	0.17391304347826086	0.0
/artista/zeca-baleiro.html	23	5	31.0	0.0	0.043478260869565216	0.0
/musica/aline-barros/deus-do-impossivel.html	23	18	107.46153846153847	0.7	0.43478260869565216	0.0
/musica/ana-carolina/rosas.html	23	22	213.30769230769232	0.625	0.43478260869565216	0.0
/musica/andre-brum/abraca-me.html	23	12	49.6	1.0	0.34782608695652173	0.0
/musica/avioes-do-forro/mulher-nao-trai-mulher-se-vinga.html	23	22	400.7142857142857	0.8125	0.6956521739130435	0.0
/musica/capital-inicial/musica-urbana.html	23	18	204.08333333333334	0.6666666666666666	0.4782608695652174	0.0
/musica/celine-dion/to-love-you-more.html	23	23	472.1818181818182	0.6153846153846154	0.5217391304347826	0.0
/musica/eduardo-costa/cachaceiro.html	23	20	136.5	0.6363636363636364	0.4782608695652174	0.0
/musica/eduardo-costa/primeiro-de-abril.html	23	11	98.625	0.3333333333333333	0.30434782608695654	0.0
/musica/grupo-excitasamba/conselho.html	23	19	306.14285714285717	0.6111111111111112	0.6956521739130435	0.0
/musica/guns-n-roses/november-rain.html	23	21	344.4166666666667	0.5833333333333334	0.4782608695652174	0.0
/musica/isa-tkm/un-poquito-mala.html	23	18	422.6666666666667	0.6	0.6086956521739131	0.0
/musica/jorge-e-mateus/a-gente-ainda-se-ama.html	23	21	61.81818181818182	0.0	0.043478260869565216	0.0
/musica/justin-bieber/love-me.html	23	21	236.57142857142858	0.5384615384615384	0.391304347826087	0.0
/musica/katy-perry/a-cup-of-coffee.html	23	18	49.64705882352941	0.0	0.2608695652173913	0.0
/musica/lady-gaga/alejandro-traducao.html	23	20	224.05263157894737	0.0	0.17391304347826086	0.0
/musica/lady-gaga/just-dance.html	23	16	117.21428571428571	0.5833333333333334	0.391304347826087	0.0
/musica/michael-jackson/ben.html	23	19	270.8181818181818	0.5	0.5217391304347826	0.0